188
34 2
2 3 24 25 26
2 2 29 1
2 2 29 2
3 2 30 3
2 2 30 4
2 2 30 5
3 2 33 6
3 2 33 7
2 2 27 8
2 2 27 9
3 2 27 10
3 2 33 11
3 2 32 12
3 2 32 13
2 2 29 14
3 2 28 15
3 2 27 16
2 2 27 17
2 2 28 18
2 2 28 19
2 2 28 20
3 2 31 21
1 2 31 22
1 2 31 23
2 4 0 29 30 32
2 3 0 27 28
1 3 0 31 33
2 6 25 8 9 10 16 17
2 5 25 18 19 20 15
2 4 24 1 2 14
2 4 24 4 5 3
1 4 26 21 22 23
3 3 24 12 13
3 4 26 6 7 11
38 2
1 3 27 28 29
2 2 35 1
3 2 36 2
2 2 36 3
3 2 36 4
3 2 35 5
3 2 35 6
3 2 30 7
1 2 30 8
3 2 30 9
3 2 27 10
3 2 37 11
2 2 37 12
3 2 37 13
2 2 30 14
3 2 31 15
1 2 31 16
1 2 31 17
3 2 32 18
1 2 32 19
1 2 32 20
3 2 33 21
1 2 33 22
1 2 33 23
3 2 34 24
1 2 34 25
1 2 34 26
3 4 0 10 30 35
1 4 0 31 32 37
1 4 0 33 34 36
3 5 27 7 8 9 14
1 4 28 15 16 17
1 4 28 18 19 20
1 4 29 21 22 23
1 4 29 24 26 25
3 4 27 1 6 5
3 4 29 2 3 4
3 4 28 11 12 13
28 2
2 3 21 22 24
2 2 20 1
2 2 20 2
3 2 20 3
2 2 20 4
2 2 20 5
3 2 23 6
2 2 26 7
3 2 26 8
2 2 26 9
3 2 25 10
3 2 23 11
3 2 23 12
3 2 23 13
2 2 20 14
2 2 25 15
2 2 25 16
3 2 27 17
1 2 27 18
1 2 22 19
2 7 24 1 2 14 3 4 5
2 3 0 25 26
1 3 0 19 27
3 5 24 6 11 12 13
2 3 0 20 23
2 4 21 15 16 10
2 4 21 7 8 9
3 3 22 17 18
35 2
2 4 24 25 26 27
2 2 30 1
2 2 30 2
3 2 31 3
2 2 31 4
2 2 31 5
3 2 27 6
2 2 28 7
2 2 28 8
3 2 28 9
3 2 28 10
3 2 27 11
3 2 33 12
3 2 33 13
2 2 30 14
3 2 32 15
3 2 32 16
2 2 29 17
2 2 29 18
2 2 29 19
2 2 29 20
3 2 34 21
1 2 34 22
1 2 26 23
2 4 0 30 31 33
2 4 0 28 29 32
1 3 0 23 34
3 3 0 6 11
2 5 25 7 8 9 10
2 5 25 17 18 19 20
2 4 24 1 2 14
2 4 24 4 5 3
3 3 25 15 16
3 3 24 12 13
3 3 26 21 22
26 2
2 3 18 19 20
2 2 21 1
2 2 21 2
3 2 23 3
2 2 23 4
3 2 20 5
3 2 24 6
2 2 22 7
2 2 22 8
2 2 22 9
2 2 24 10
3 2 24 11
3 2 23 12
2 2 21 13
2 2 21 14
3 2 25 15
1 2 25 16
1 2 25 17
2 3 0 21 23
2 3 0 22 24
3 3 0 5 25
2 5 18 1 2 14 13
2 4 19 7 8 9
3 4 18 3 4 12
3 4 19 10 11 6
1 4 20 15 16 17
30 2
2 3 21 23 27
2 2 25 1
2 2 25 2
3 2 26 3
2 2 26 4
2 2 26 5
3 2 24 6
2 2 22 7
2 2 22 8
3 2 22 9
3 2 22 10
3 2 24 11
3 2 28 12
3 2 28 13
2 2 25 14
2 2 22 15
3 2 22 16
1 2 22 17
3 2 29 18
1 2 29 19
1 2 23 20
2 4 0 25 26 28
3 8 27 7 8 9 10 16 17 15
1 3 0 20 29
3 3 27 6 11
2 4 21 1 2 14
2 4 21 4 5 3
3 3 0 22 24
3 3 21 12 13
3 3 23 18 19
36 2
3 4 26 28 29 31
2 2 32 1
2 2 32 2
2 2 32 3
3 2 33 4
3 2 26 5
2 2 32 6
3 2 30 7
2 2 27 8
3 2 27 9
2 2 27 10
3 2 27 11
3 2 30 12
3 2 33 13
2 2 33 14
3 2 28 15
3 2 27 16
3 2 27 17
1 2 27 18
1 2 27 19
3 2 34 20
1 2 34 21
1 2 34 22
3 2 35 23
1 2 35 24
1 2 29 25
3 4 0 5 32 33
3 9 31 17 18 19 16 11 10 9 8
3 3 0 15 34
1 3 0 25 35
3 3 31 7 12
3 3 0 27 30
2 5 26 1 2 3 6
3 4 26 13 14 4
1 4 28 20 21 22
3 3 29 23 24
28 2
2 3 20 22 24
2 2 25 1
2 2 25 2
2 2 25 3
3 2 26 4
3 2 26 5
2 2 26 6
3 2 23 7
2 2 21 8
2 2 21 9
2 2 21 10
3 2 21 11
3 2 23 12
3 2 23 13
2 2 21 14
2 2 21 15
3 2 21 16
3 2 27 17
1 2 27 18
1 2 22 19
2 3 0 25 26
2 8 24 8 9 10 11 16 15 14
1 3 0 19 27
3 4 24 7 12 13
2 3 0 21 23
2 4 20 1 2 3
3 4 20 5 6 4
3 3 22 17 18
40 2
3 4 29 30 31 32
2 2 34 1
2 2 34 2
3 2 34 3
2 2 34 4
2 2 37 5
3 2 37 6
3 2 30 7
2 2 33 8
2 2 33 9
3 2 33 10
3 2 37 11
3 2 29 12
3 2 38 13
3 2 31 14
2 2 35 15
2 2 35 16
3 2 35 17
3 2 38 18
3 2 33 19
2 2 33 20
2 2 30 21
3 2 31 22
3 2 36 23
1 2 36 24
1 2 36 25
3 2 39 26
1 2 39 27
1 2 32 28
3 4 0 12 34 37
2 5 0 21 7 33 38
3 5 0 14 22 35 36
1 3 0 28 39
2 6 30 8 9 10 19 20
2 5 29 1 2 3 4
2 4 31 15 16 17
1 4 31 23 24 25
3 4 29 5 6 11
3 3 30 13 18
3 3 32 26 27
26 2
2 3 18 19 20
1 2 22 1
3 2 22 2
2 2 22 3
2 2 22 4
3 2 24 5
3 2 24 6
2 2 24 7
2 2 23 8
3 2 23 9
3 2 21 10
2 2 21 11
2 2 21 12
3 2 19 13
2 2 23 14
3 2 25 15
1 2 25 16
1 2 20 17
2 3 0 22 24
2 4 0 13 21 23
1 3 0 17 25
2 4 19 11 12 10
2 5 18 1 2 3 4
2 4 19 8 9 14
3 4 18 6 7 5
3 3 20 15 16
24 2
2 3 16 17 18
2 2 20 1
2 2 20 2
3 2 19 3
2 2 19 4
2 2 19 5
3 2 22 6
3 2 22 7
3 2 22 8
3 2 21 9
2 2 20 10
2 2 21 11
2 2 21 12
3 2 23 13
1 2 23 14
1 2 18 15
2 3 0 20 21
2 3 0 19 22
1 3 0 15 23
2 4 17 4 5 3
2 4 16 1 2 10
2 4 16 11 12 9
3 4 17 6 7 8
3 3 18 13 14
19 2
3 3 4 13 14
2 2 15 1
2 2 15 2
3 2 15 3
3 2 0 4
2 2 18 5
3 2 18 6
3 2 17 7
1 2 17 8
1 2 17 9
2 2 16 10
2 2 16 11
2 2 16 12
2 3 0 15 16
1 3 0 17 18
2 4 13 1 2 3
2 4 13 10 11 12
1 4 14 7 8 9
2 3 14 5 6
34 2
1 5 22 23 24 25 26
2 2 28 1
2 2 28 2
3 2 30 3
2 2 30 4
3 2 30 5
2 2 28 6
3 2 31 7
1 2 31 8
1 2 23 9
3 2 27 10
2 2 27 11
2 2 27 12
3 2 29 13
2 2 29 14
3 2 29 15
3 2 32 16
1 2 32 17
1 2 25 18
3 2 33 19
1 2 33 20
1 2 26 21
2 3 0 28 30
1 3 0 9 31
2 3 0 27 29
1 3 0 18 32
1 3 0 21 33
2 4 24 11 12 10
2 4 22 1 2 6
3 4 24 13 14 15
3 4 22 3 4 5
3 3 23 7 8
3 3 25 16 17
3 3 26 19 20
34 2
2 3 24 25 26
2 2 27 1
2 2 27 2
3 2 32 3
3 2 33 4
3 2 33 5
2 2 30 6
3 2 30 7
3 2 32 8
3 2 32 9
3 2 27 10
2 2 27 11
2 2 24 12
3 2 25 13
3 2 28 14
2 2 28 15
2 2 28 16
3 2 29 17
1 2 29 18
1 2 29 19
2 2 31 20
2 2 31 21
2 2 31 22
2 2 33 23
2 4 0 12 27 32
2 5 0 13 28 29 30
2 3 0 31 33
2 5 24 1 2 10 11
2 4 25 15 16 14
1 4 25 17 18 19
2 3 25 6 7
2 4 26 20 21 22
3 4 24 3 8 9
3 4 26 4 23 5
26 2
2 3 18 19 20
2 2 21 1
2 2 21 2
2 2 21 3
3 2 23 4
3 2 23 5
2 2 21 6
2 2 23 7
3 2 20 8
3 2 24 9
3 2 24 10
2 2 22 11
2 2 22 12
2 2 22 13
2 2 24 14
3 2 25 15
1 2 25 16
1 2 25 17
2 3 0 21 23
2 3 0 22 24
3 3 0 8 25
2 5 18 1 2 3 6
2 4 19 11 12 13
3 4 18 5 7 4
3 4 19 9 14 10
1 4 20 15 16 17
37 2
1 4 27 28 29 31
2 2 26 1
2 2 26 2
2 2 26 3
3 2 26 4
3 2 26 5
2 2 26 6
3 2 30 7
2 2 33 8
3 2 33 9
2 2 33 10
3 2 34 11
3 2 30 12
3 2 26 13
3 2 28 14
3 2 34 15
2 2 34 16
3 2 32 17
1 2 32 18
1 2 32 19
3 2 35 20
1 2 35 21
1 2 35 22
3 2 36 23
1 2 36 24
1 2 29 25
2 8 31 1 2 3 6 4 5 13
1 4 0 32 33 34
3 3 0 14 35
1 3 0 25 36
3 3 31 7 12
2 3 0 26 30
1 4 27 17 18 19
2 4 27 8 9 10
3 4 27 11 16 15
1 4 28 20 21 22
3 3 29 23 24
31 2
2 3 22 23 24
2 2 25 1
2 2 25 2
2 2 25 3
3 2 22 4
3 2 26 5
2 2 25 6
2 2 26 7
2 2 26 8
3 2 29 9
3 2 29 10
2 2 29 11
3 2 24 12
3 2 30 13
3 2 30 14
2 2 28 15
2 2 28 16
2 2 28 17
2 2 30 18
3 2 27 19
1 2 27 20
1 2 27 21
2 4 0 4 25 26
2 3 0 28 30
3 4 0 12 27 29
2 5 22 1 2 3 6
2 4 22 7 8 5
1 4 24 19 20 21
2 4 23 15 16 17
3 4 24 10 11 9
3 4 23 13 18 14
28 2
2 3 21 22 24
2 2 20 1
2 2 20 2
3 2 20 3
2 2 20 4
2 2 20 5
3 2 23 6
2 2 26 7
3 2 26 8
2 2 26 9
3 2 25 10
3 2 23 11
3 2 23 12
3 2 23 13
2 2 20 14
2 2 25 15
2 2 25 16
3 2 27 17
1 2 27 18
1 2 22 19
2 7 24 1 2 14 3 4 5
2 3 0 25 26
1 3 0 19 27
3 5 24 6 11 12 13
2 3 0 20 23
2 4 21 15 16 10
2 4 21 7 8 9
3 3 22 17 18
30 2
2 3 21 22 23
2 2 24 1
2 2 24 2
3 2 28 3
3 2 29 4
3 2 29 5
2 2 24 6
3 2 27 7
1 2 27 8
1 2 27 9
2 2 29 10
3 2 25 11
2 2 25 12
2 2 25 13
3 2 23 14
2 2 28 15
3 2 28 16
2 2 28 17
3 2 26 18
1 2 26 19
1 2 26 20
2 3 0 24 28
1 3 0 27 29
3 4 0 14 25 26
2 4 21 1 2 6
2 4 23 12 13 11
1 4 23 18 19 20
1 4 22 7 8 9
3 5 21 3 17 16 15
3 4 22 4 10 5
34 2
1 5 22 23 24 25 26
2 2 28 1
2 2 28 2
3 2 29 3
2 2 29 4
3 2 29 5
2 2 28 6
3 2 31 7
1 2 31 8
1 2 23 9
3 2 27 10
2 2 27 11
2 2 27 12
3 2 30 13
3 2 30 14
2 2 27 15
3 2 32 16
1 2 32 17
1 2 25 18
3 2 33 19
1 2 33 20
1 2 26 21
2 3 0 28 29
1 3 0 9 31
2 3 0 27 30
1 3 0 18 32
1 3 0 21 33
2 5 24 11 12 10 15
2 4 22 1 2 6
3 4 22 3 4 5
3 3 24 13 14
3 3 23 7 8
3 3 25 16 17
3 3 26 19 20
24 2
2 3 16 17 18
2 2 19 1
2 2 19 2
3 2 21 3
3 2 22 4
3 2 22 5
2 2 20 6
2 2 20 7
3 2 20 8
3 2 16 9
2 2 19 10
3 2 23 11
1 2 23 12
1 2 17 13
2 2 21 14
2 2 21 15
2 4 0 9 19 20
1 3 0 13 23
2 3 0 21 22
2 4 16 1 2 10
2 4 16 6 7 8
2 4 18 14 15 3
3 3 18 4 5
3 3 17 11 12
30 2
2 3 21 22 23
2 2 24 1
2 2 24 2
3 2 28 3
2 2 25 4
2 2 25 5
3 2 25 6
3 2 26 7
3 2 28 8
3 2 28 9
3 2 24 10
2 2 24 11
2 2 21 12
3 2 29 13
3 2 23 14
2 2 26 15
2 2 26 16
1 2 29 17
3 2 27 18
1 2 27 19
1 2 27 20
2 4 0 12 24 28
2 4 0 25 26 27
3 3 0 14 29
2 5 21 1 2 10 11
2 4 22 4 5 6
2 4 22 15 16 7
1 4 22 18 19 20
3 4 21 3 8 9
3 3 23 13 17
32 2
3 3 23 24 25
2 2 26 1
2 2 26 2
3 2 29 3
2 2 29 4
3 2 31 5
2 2 31 6
3 2 31 7
3 2 29 8
3 2 23 9
3 2 26 10
2 2 26 11
3 2 24 12
2 2 27 13
3 2 27 14
2 2 27 15
2 2 27 16
3 2 28 17
1 2 28 18
1 2 28 19
3 2 30 20
1 2 30 21
1 2 30 22
3 4 0 9 26 29
3 4 0 12 27 28
1 3 0 30 31
2 5 23 1 2 10 11
2 5 24 15 16 14 13
1 4 24 17 18 19
3 4 23 3 4 8
1 4 25 20 21 22
3 4 25 5 6 7
31 2
2 3 21 22 23
2 2 24 1
2 2 24 2
3 2 25 3
2 2 25 4
2 2 25 5
3 2 30 6
3 2 30 7
2 2 26 8
3 2 26 9
3 2 27 10
3 2 22 11
3 2 28 12
3 2 28 13
2 2 24 14
2 2 27 15
2 2 27 16
1 2 26 17
3 2 29 18
1 2 29 19
1 2 29 20
2 4 0 24 25 28
3 4 0 11 26 27
1 3 0 29 30
2 4 21 1 2 14
2 4 21 4 5 3
3 4 22 9 17 8
2 4 22 15 16 10
3 3 21 12 13
1 4 23 18 19 20
3 3 23 6 7
33 2
2 4 7 23 24 25
2 2 29 1
2 2 29 2
2 2 29 3
3 2 32 4
3 2 32 5
2 2 32 6
3 2 0 7
2 2 26 8
2 2 26 9
2 2 26 10
3 2 31 11
3 2 30 12
3 2 30 13
2 2 30 14
3 2 25 15
3 2 31 16
3 2 27 17
1 2 27 18
1 2 27 19
3 2 28 20
1 2 28 21
1 2 28 22
2 3 0 29 32
2 4 0 26 27 31
3 4 0 15 28 30
2 4 24 8 9 10
1 4 24 17 18 19
1 4 25 20 21 22
2 4 23 1 2 3
3 4 25 13 14 12
3 3 24 11 16
3 4 23 5 6 4
33 2
1 4 23 25 26 28
2 2 29 1
2 2 29 2
2 2 29 3
3 2 30 4
3 2 30 5
2 2 30 6
3 2 27 7
2 2 24 8
2 2 24 9
3 2 24 10
3 2 24 11
3 2 27 12
3 2 27 13
2 2 24 14
3 2 24 15
2 2 24 16
3 2 31 17
1 2 31 18
1 2 25 19
3 2 32 20
1 2 32 21
1 2 26 22
2 3 0 29 30
2 8 28 8 9 10 11 16 15 14
1 3 0 19 31
1 3 0 22 32
3 4 28 7 12 13
2 3 0 24 27
2 4 23 1 2 3
3 4 23 5 6 4
3 3 25 17 18
3 3 26 20 21
25 2
2 3 17 18 19
2 2 20 1
2 2 20 2
3 2 23 3
2 2 21 4
2 2 21 5
2 2 21 6
3 2 18 7
3 2 23 8
3 2 23 9
2 2 20 10
3 2 24 11
1 2 24 12
1 2 19 13
3 2 22 14
1 2 22 15
1 2 22 16
2 3 0 20 23
3 4 0 7 21 22
1 3 0 13 24
2 4 17 1 2 10
2 4 18 4 5 6
1 4 18 14 16 15
3 4 17 3 8 9
3 3 19 11 12
25 2
3 3 17 18 19
2 2 20 1
2 2 20 2
3 2 17 3
2 2 21 4
3 2 21 5
2 2 20 6
1 2 21 7
3 2 22 8
2 2 22 9
2 2 22 10
3 2 23 11
2 2 23 12
2 2 23 13
3 2 24 14
1 2 24 15
1 2 19 16
3 4 0 3 20 21
2 3 0 22 23
1 3 0 16 24
2 4 17 1 2 6
3 4 17 5 7 4
2 4 18 9 10 8
2 4 18 12 13 11
3 3 19 14 15
25 2
2 3 17 18 19
2 2 20 1
2 2 20 2
3 2 20 3
2 2 21 4
2 2 21 5
3 2 21 6
3 2 23 7
2 2 22 8
2 2 22 9
3 2 22 10
2 2 23 11
2 2 23 12
3 2 24 13
1 2 24 14
1 2 19 15
1 2 20 16
2 3 0 20 21
2 3 0 22 23
1 3 0 15 24
2 5 17 1 2 3 16
2 4 17 4 5 6
2 4 18 8 9 10
2 4 18 11 12 7
3 3 19 13 14
24 2
2 3 16 17 18
2 2 20 1
2 2 20 2
3 2 19 3
2 2 19 4
2 2 19 5
3 2 22 6
3 2 22 7
3 2 22 8
3 2 21 9
2 2 20 10
2 2 21 11
2 2 21 12
3 2 23 13
1 2 23 14
1 2 18 15
2 3 0 20 21
2 3 0 19 22
1 3 0 15 23
2 4 17 4 5 3
2 4 16 1 2 10
2 4 16 11 12 9
3 4 17 6 7 8
3 3 18 13 14
30 2
3 3 21 22 23
2 2 27 1
2 2 27 2
3 2 27 3
3 2 28 4
2 2 28 5
3 2 22 6
3 2 24 7
1 2 24 8
1 2 24 9
2 2 28 10
3 2 25 11
2 2 25 12
2 2 25 13
3 2 23 14
2 2 29 15
3 2 29 16
2 2 29 17
3 2 26 18
1 2 26 19
1 2 26 20
2 3 0 27 29
3 4 0 6 24 28
3 4 0 14 25 26
1 4 22 7 8 9
2 4 23 12 13 11
1 4 23 18 19 20
2 4 21 1 2 3
2 4 22 4 5 10
2 4 21 15 16 17
21 2
2 3 13 14 15
2 2 17 1
2 2 17 2
3 2 18 3
2 2 16 4
2 2 16 5
2 2 16 6
3 2 18 7
3 2 19 8
2 2 19 9
3 2 20 10
1 2 20 11
1 2 15 12
2 3 0 17 19
2 3 0 16 18
1 3 0 12 20
2 4 14 4 5 6
2 3 13 1 2
3 3 14 3 7
3 3 13 8 9
3 3 15 10 11
33 2
2 4 13 23 24 25
2 2 28 1
2 2 28 2
2 2 28 3
3 2 32 4
3 2 32 5
2 2 32 6
3 2 31 7
2 2 31 8
3 2 31 9
2 2 29 10
3 2 29 11
3 2 25 12
3 2 0 13
2 2 30 14
3 2 30 15
2 2 29 16
3 2 26 17
1 2 26 18
1 2 26 19
3 2 27 20
1 2 27 21
1 2 27 22
2 3 0 28 32
2 4 0 26 29 30
3 4 0 12 27 31
1 4 24 17 18 19
1 4 25 20 21 22
2 4 23 1 2 3
2 4 24 10 11 16
2 3 24 14 15
3 4 25 7 8 9
3 4 23 5 6 4
24 2
2 3 16 17 18
2 2 19 1
2 2 19 2
3 2 21 3
3 2 22 4
3 2 22 5
2 2 20 6
2 2 20 7
3 2 20 8
3 2 16 9
2 2 19 10
3 2 23 11
1 2 23 12
1 2 17 13
2 2 21 14
2 2 21 15
2 4 0 9 19 20
1 3 0 13 23
2 3 0 21 22
2 4 16 1 2 10
2 4 16 6 7 8
2 4 18 14 15 3
3 3 18 4 5
3 3 17 11 12
30 2
2 3 21 22 23
2 2 24 1
2 2 24 2
3 2 28 3
3 2 25 4
2 2 25 5
2 2 25 6
3 2 26 7
3 2 28 8
3 2 28 9
3 2 24 10
2 2 24 11
2 2 21 12
3 2 29 13
3 2 23 14
2 2 26 15
2 2 26 16
1 2 29 17
3 2 27 18
1 2 27 19
1 2 27 20
2 4 0 12 24 28
2 4 0 25 26 27
3 3 0 14 29
2 5 21 1 2 10 11
2 4 22 5 6 4
2 4 22 15 16 7
1 4 22 18 19 20
3 4 21 3 8 9
3 3 23 13 17
30 2
1 3 21 22 23
1 2 24 1
3 2 24 2
1 2 24 3
2 2 24 4
3 2 25 5
2 2 25 6
2 2 25 7
3 2 28 8
3 2 28 9
2 2 25 10
2 2 28 11
3 2 29 12
3 2 29 13
2 2 26 14
2 2 26 15
3 2 26 16
2 2 22 17
3 2 27 18
1 2 27 19
1 2 27 20
1 3 0 24 25
2 4 0 17 26 27
3 3 0 28 29
1 5 21 1 2 3 4
2 5 21 6 7 5 10
2 4 22 14 15 16
1 4 22 18 20 19
3 4 23 9 11 8
3 3 23 12 13
30 2
2 3 21 22 23
2 2 24 1
2 2 24 2
3 2 27 3
2 2 25 4
2 2 25 5
3 2 25 6
3 2 26 7
3 2 27 8
3 2 27 9
3 2 24 10
2 2 24 11
2 2 21 12
3 2 29 13
3 2 29 14
2 2 26 15
2 2 26 16
3 2 28 17
1 2 28 18
1 2 28 19
1 2 25 20
2 4 0 12 24 27
2 3 0 25 26
1 3 0 28 29
2 5 21 1 2 10 11
2 5 22 4 5 6 20
2 4 22 15 16 7
3 4 21 3 8 9
1 4 23 17 18 19
3 3 23 13 14
29 2
3 4 6 20 21 22
2 2 24 1
2 2 24 2
3 2 25 3
2 2 25 4
2 2 25 5
3 2 0 6
2 2 26 7
2 2 26 8
3 2 21 9
3 2 23 10
3 2 28 11
3 2 28 12
3 2 28 13
2 2 24 14
2 2 23 15
2 2 23 16
3 2 27 17
1 2 27 18
1 2 27 19
2 3 0 24 25
3 4 0 9 26 27
2 3 0 23 28
2 4 22 15 16 10
2 4 20 1 2 14
2 4 20 4 5 3
2 3 21 7 8
1 4 21 17 19 18
3 4 22 11 12 13
38 2
2 3 27 28 29
2 2 35 1
2 2 35 2
2 2 35 3
3 2 37 4
3 2 37 5
2 2 35 6
3 2 36 7
2 2 32 8
2 2 32 9
3 2 32 10
3 2 33 11
3 2 36 12
3 2 30 13
3 2 37 14
3 2 31 15
2 2 30 16
2 2 30 17
3 2 30 18
2 2 33 19
2 2 33 20
3 2 31 21
1 2 31 22
1 2 31 23
3 2 34 24
1 2 34 25
1 2 34 26
2 3 0 35 37
2 4 0 32 33 34
2 4 0 30 31 36
2 5 29 16 17 18 13
1 5 29 21 22 23 15
2 4 28 8 9 10
2 4 28 19 20 11
1 4 28 24 25 26
2 5 27 1 2 3 6
3 3 29 7 12
3 4 27 4 5 14
38 2
1 5 25 26 27 28 29
2 2 33 1
2 2 33 2
3 2 33 3
3 2 34 4
2 2 34 5
3 2 34 6
3 2 32 7
2 2 30 8
2 2 30 9
3 2 30 10
3 2 32 11
2 2 32 12
3 2 35 13
1 2 35 14
1 2 27 15
3 2 31 16
1 2 31 17
1 2 31 18
3 2 36 19
1 2 36 20
1 2 28 21
3 2 37 22
1 2 37 23
1 2 29 24
2 3 0 33 34
2 4 0 30 31 32
1 3 0 15 35
1 3 0 21 36
1 3 0 24 37
2 4 26 8 9 10
1 4 26 16 17 18
3 4 26 7 12 11
2 4 25 1 2 3
3 4 25 4 5 6
3 3 27 13 14
3 3 28 19 20
3 3 29 22 23
32 2
3 3 23 24 25
2 2 26 1
2 2 26 2
3 2 29 3
2 2 29 4
3 2 31 5
2 2 31 6
3 2 31 7
3 2 29 8
3 2 23 9
3 2 26 10
2 2 26 11
3 2 24 12
2 2 27 13
3 2 27 14
2 2 27 15
2 2 27 16
3 2 28 17
1 2 28 18
1 2 28 19
3 2 30 20
1 2 30 21
1 2 30 22
3 4 0 9 26 29
3 4 0 12 27 28
1 3 0 30 31
2 5 23 1 2 10 11
2 5 24 15 16 14 13
1 4 24 17 18 19
3 4 23 3 4 8
1 4 25 20 21 22
3 4 25 5 6 7
32 2
2 3 23 24 25
2 2 26 1
2 2 26 2
3 2 26 3
2 2 26 4
2 2 23 5
3 2 31 6
3 2 31 7
2 2 30 8
3 2 30 9
3 2 30 10
3 2 31 11
3 2 27 12
3 2 27 13
2 2 26 14
2 2 27 15
2 2 24 16
3 2 28 17
1 2 28 18
1 2 28 19
3 2 29 20
1 2 29 21
1 2 29 22
2 4 0 5 26 27
2 4 0 16 28 30
1 3 0 29 31
2 6 23 1 2 14 3 4
3 4 23 13 15 12
1 4 24 17 18 19
1 4 25 20 21 22
3 4 24 8 9 10
3 4 25 6 7 11
30 2
2 4 20 21 22 23
2 2 24 1
2 2 24 2
3 2 25 3
2 2 25 4
2 2 25 5
2 2 23 6
3 2 23 7
3 2 27 8
3 2 27 9
2 2 24 10
3 2 26 11
3 2 28 12
2 2 28 13
3 2 28 14
2 2 26 15
2 2 26 16
3 2 29 17
1 2 29 18
1 2 22 19
2 4 0 24 25 27
2 3 0 26 28
1 3 0 19 29
2 3 0 6 7
2 4 20 1 2 10
2 4 20 4 5 3
2 4 21 15 16 11
3 3 20 8 9
3 4 21 12 13 14
3 3 22 17 18
34 2
1 3 24 25 26
1 2 29 1
3 2 29 2
1 2 29 3
2 2 29 4
3 2 32 5
2 2 32 6
3 2 26 7
3 2 27 8
2 2 27 9
2 2 27 10
3 2 28 11
2 2 28 12
2 2 28 13
2 2 28 14
3 2 31 15
3 2 31 16
3 2 27 17
3 2 30 18
2 2 30 19
2 2 30 20
3 2 33 21
1 2 33 22
1 2 33 23
1 4 0 29 30 32
2 4 0 27 28 31
3 3 0 7 33
2 5 25 9 10 8 17
2 5 25 12 13 14 11
1 5 24 1 2 3 4
2 4 24 19 20 18
3 3 25 15 16
3 3 24 5 6
1 4 26 21 22 23
33 2
2 3 23 24 25
2 2 26 1
2 2 26 2
3 2 30 3
3 2 27 4
2 2 27 5
2 2 27 6
3 2 28 7
3 2 30 8
3 2 30 9
3 2 26 10
2 2 26 11
2 2 23 12
3 2 32 13
3 2 32 14
2 2 28 15
2 2 28 16
3 2 31 17
1 2 31 18
1 2 31 19
3 2 29 20
1 2 29 21
1 2 29 22
2 4 0 12 26 30
2 4 0 27 28 29
1 3 0 31 32
2 5 23 1 2 10 11
2 4 24 5 6 4
2 4 24 15 16 7
1 4 24 20 21 22
3 4 23 3 8 9
1 4 25 17 18 19
3 3 25 13 14
22 2
2 3 14 15 16
2 2 18 1
2 2 18 2
3 2 19 3
3 2 16 4
2 2 20 5
3 2 20 6
3 2 17 7
1 2 17 8
1 2 17 9
3 2 21 10
1 2 21 11
1 2 21 12
1 2 19 13
2 3 0 18 19
1 3 0 17 20
3 3 0 4 21
1 4 15 7 8 9
2 3 14 1 2
3 3 14 3 13
2 3 15 5 6
1 4 16 10 11 12
33 2
1 4 23 25 26 28
2 2 29 1
2 2 29 2
2 2 29 3
3 2 30 4
3 2 30 5
2 2 30 6
3 2 27 7
2 2 24 8
2 2 24 9
3 2 24 10
3 2 24 11
3 2 27 12
3 2 27 13
2 2 24 14
2 2 24 15
3 2 24 16
3 2 31 17
1 2 31 18
1 2 25 19
3 2 32 20
1 2 32 21
1 2 26 22
2 3 0 29 30
2 8 28 8 9 10 11 16 15 14
1 3 0 19 31
1 3 0 22 32
3 4 28 7 12 13
2 3 0 24 27
2 4 23 1 2 3
3 4 23 5 6 4
3 3 25 17 18
3 3 26 20 21
26 2
2 3 18 19 20
2 2 22 1
2 2 22 2
2 2 22 3
3 2 24 4
3 2 24 5
2 2 22 6
2 2 23 7
3 2 23 8
2 2 21 9
2 2 21 10
2 2 21 11
3 2 19 12
3 2 23 13
2 2 24 14
3 2 25 15
1 2 25 16
1 2 20 17
2 3 0 22 24
3 4 0 12 21 23
1 3 0 17 25
2 4 19 9 10 11
2 5 18 1 2 3 6
3 4 19 7 8 13
3 4 18 4 14 5
3 3 20 15 16
39 2
1 6 25 26 27 28 29 30
2 2 31 1
2 2 31 2
3 2 31 3
3 2 33 4
2 2 33 5
3 2 33 6
3 2 35 7
1 2 35 8
1 2 26 9
3 2 36 10
1 2 36 11
1 2 27 12
3 2 34 13
2 2 32 14
2 2 32 15
3 2 32 16
2 2 32 17
3 2 34 18
3 2 37 19
1 2 37 20
1 2 29 21
3 2 38 22
1 2 38 23
1 2 30 24
2 3 0 31 33
1 3 0 9 35
1 3 0 12 36
2 3 0 32 34
1 3 0 21 37
1 3 0 24 38
2 4 25 1 2 3
2 5 28 14 15 16 17
3 4 25 4 5 6
3 3 28 13 18
3 3 26 7 8
3 3 27 10 11
3 3 29 19 20
3 3 30 22 23
19 2
3 3 5 13 14
2 2 15 1
2 2 15 2
3 2 18 3
2 2 18 4
3 2 0 5
2 2 16 6
2 2 16 7
2 2 16 8
3 2 15 9
3 2 17 10
1 2 17 11
1 2 17 12
2 3 0 15 16
1 3 0 17 18
2 4 13 1 2 9
2 4 13 6 7 8
1 4 14 10 11 12
3 3 14 3 4
33 2
1 4 22 23 24 25
2 2 26 1
2 2 26 2
3 2 26 3
2 2 27 4
2 2 27 5
3 2 27 6
3 2 31 7
2 2 29 8
2 2 29 9
3 2 23 10
3 2 31 11
2 2 31 12
3 2 28 13
1 2 28 14
1 2 28 15
3 2 30 16
1 2 30 17
1 2 30 18
3 2 32 19
1 2 32 20
1 2 25 21
2 3 0 26 27
3 4 0 10 29 30
1 3 0 28 31
1 3 0 21 32
2 4 22 1 2 3
2 4 22 4 5 6
1 4 24 13 14 15
2 3 23 8 9
1 4 23 16 17 18
3 4 24 7 12 11
3 3 25 19 20
34 2
2 4 23 24 25 26
2 2 27 1
2 2 27 2
3 2 32 3
3 2 28 4
2 2 28 5
2 2 28 6
3 2 24 7
3 2 32 8
3 2 32 9
2 2 27 10
3 2 29 11
3 2 31 12
2 2 31 13
3 2 31 14
2 2 29 15
2 2 29 16
3 2 33 17
1 2 33 18
1 2 26 19
3 2 30 20
1 2 30 21
1 2 30 22
2 3 0 27 32
3 4 0 7 28 30
2 3 0 29 31
1 3 0 19 33
2 4 23 1 2 10
2 4 24 5 6 4
2 4 25 15 16 11
1 4 24 20 21 22
3 4 25 12 13 14
3 4 23 3 8 9
3 3 26 17 18
19 2
3 3 4 13 14
2 2 15 1
2 2 15 2
3 2 15 3
3 2 0 4
2 2 18 5
3 2 18 6
3 2 17 7
1 2 17 8
1 2 17 9
2 2 16 10
2 2 16 11
2 2 16 12
2 3 0 15 16
1 3 0 17 18
2 4 13 1 2 3
2 4 13 10 11 12
1 4 14 7 8 9
2 3 14 5 6
31 2
1 3 21 22 23
2 2 24 1
2 2 24 2
3 2 26 3
3 2 29 4
3 2 29 5
2 2 24 6
3 2 27 7
1 2 27 8
1 2 27 9
2 2 29 10
3 2 30 11
3 2 26 12
2 2 26 13
2 2 25 14
2 2 25 15
2 2 25 16
3 2 30 17
3 2 28 18
1 2 28 19
1 2 28 20
2 4 0 24 25 26
1 3 0 27 29
1 3 0 28 30
2 4 21 1 2 6
2 4 21 14 15 16
3 4 21 3 13 12
1 4 22 7 8 9
1 4 23 18 19 20
3 4 22 4 10 5
3 3 23 11 17
22 2
2 3 15 16 18
1 2 14 1
3 2 14 2
2 2 14 3
3 2 17 4
3 2 17 5
2 2 14 6
2 2 19 7
2 2 19 8
2 2 20 9
3 2 20 10
3 2 21 11
1 2 21 12
1 2 16 13
2 5 18 1 2 3 6
2 3 0 19 20
1 3 0 13 21
3 3 18 4 5
2 3 0 14 17
2 3 15 7 8
2 3 15 9 10
3 3 16 11 12
40 2
3 4 29 30 31 32
2 2 35 1
2 2 35 2
3 2 35 3
2 2 35 4
2 2 36 5
3 2 36 6
3 2 30 7
2 2 33 8
2 2 33 9
3 2 33 10
3 2 36 11
3 2 29 12
3 2 30 13
3 2 34 14
2 2 34 15
2 2 34 16
3 2 34 17
3 2 33 18
3 2 33 19
3 2 38 20
2 2 38 21
2 2 34 22
3 2 37 23
1 2 37 24
1 2 37 25
3 2 39 26
1 2 39 27
1 2 32 28
3 4 0 12 35 36
3 5 0 7 13 33 34
1 3 0 37 38
1 3 0 28 39
3 6 30 8 9 10 19 18
2 6 30 15 16 17 22 14
2 5 29 1 2 3 4
3 4 29 5 6 11
1 4 31 23 24 25
3 3 31 20 21
3 3 32 26 27
32 2
2 3 23 24 25
2 2 26 1
2 2 26 2
3 2 27 3
2 2 27 4
2 2 31 5
3 2 31 6
3 2 31 7
3 2 27 8
3 2 27 9
3 2 26 10
2 2 26 11
2 2 26 12
3 2 24 13
3 2 28 14
2 2 28 15
2 2 28 16
3 2 29 17
1 2 29 18
1 2 29 19
3 2 30 20
1 2 30 21
1 2 30 22
2 3 0 26 27
3 4 0 13 28 29
1 3 0 30 31
2 6 23 1 2 10 11 12
3 5 23 3 4 8 9
2 4 24 15 16 14
1 4 24 17 18 19
1 4 25 20 21 22
3 4 25 5 6 7
32 2
2 3 23 24 27
2 2 28 1
2 2 28 2
3 2 31 3
3 2 29 4
2 2 29 5
2 2 29 6
3 2 24 7
3 2 31 8
3 2 31 9
2 2 28 10
3 2 26 11
3 2 26 12
2 2 25 13
2 2 25 14
2 2 25 15
3 2 25 16
3 2 25 17
1 2 25 18
1 2 25 19
3 2 30 20
1 2 30 21
1 2 30 22
2 3 0 28 31
3 4 0 7 29 30
2 8 27 13 14 15 16 17 19 18
3 3 27 11 12
2 3 0 25 26
2 4 23 1 2 10
2 4 24 5 6 4
1 4 24 20 21 22
3 4 23 3 8 9
31 2
2 3 22 23 26
2 2 27 1
2 2 27 2
2 2 27 3
3 2 29 4
3 2 29 5
2 2 29 6
3 2 30 7
2 2 28 8
2 2 28 9
2 2 28 10
2 2 30 11
3 2 30 12
3 2 25 13
3 2 25 14
2 2 24 15
2 2 24 16
3 2 24 17
2 2 24 18
3 2 24 19
1 2 24 20
1 2 24 21
2 3 0 27 29
2 3 0 28 30
2 8 26 15 16 17 18 19 21 20
3 3 26 13 14
2 3 0 24 25
2 4 22 1 2 3
2 4 23 8 9 10
3 4 22 5 6 4
3 4 23 11 12 7
27 2
2 4 18 19 20 21
2 2 23 1
2 2 23 2
2 2 23 3
3 2 24 4
3 2 24 5
2 2 24 6
3 2 25 7
2 2 22 8
3 2 22 9
2 2 22 10
2 2 22 11
3 2 25 12
3 2 20 13
1 2 20 14
3 2 26 15
1 2 26 16
1 2 21 17
2 3 0 23 24
2 3 0 22 25
3 3 0 13 14
1 3 0 17 26
2 5 19 10 11 9 8
2 4 18 1 2 3
3 4 18 5 6 4
3 3 19 7 12
3 3 21 15 16
26 2
2 3 18 19 20
2 2 22 1
2 2 22 2
2 2 22 3
3 2 24 4
3 2 24 5
2 2 22 6
2 2 24 7
2 2 23 8
3 2 23 9
3 2 21 10
2 2 21 11
2 2 21 12
3 2 19 13
2 2 23 14
3 2 25 15
1 2 25 16
1 2 20 17
2 3 0 22 24
2 4 0 13 21 23
1 3 0 17 25
2 4 19 11 12 10
2 5 18 1 2 3 6
2 4 19 8 9 14
3 4 18 5 7 4
3 3 20 15 16
27 2
2 3 20 21 23
2 2 19 1
2 2 19 2
3 2 22 3
3 2 22 4
2 2 19 5
3 2 19 6
2 2 19 7
1 2 19 8
2 2 25 9
3 2 25 10
3 2 24 11
2 2 24 12
2 2 24 13
3 2 20 14
2 2 25 15
3 2 26 16
1 2 26 17
1 2 21 18
2 7 23 7 8 6 1 2 5
2 4 0 14 24 25
1 3 0 18 26
3 3 23 3 4
2 3 0 19 22
2 4 20 12 13 11
2 4 20 9 10 15
3 3 21 16 17
29 2
2 4 19 20 21 22
2 2 23 1
2 2 23 2
3 2 26 3
2 2 26 4
3 2 26 5
2 2 23 6
3 2 27 7
1 2 27 8
1 2 20 9
3 2 24 10
2 2 24 11
2 2 24 12
3 2 25 13
2 2 25 14
2 2 25 15
3 2 28 16
1 2 28 17
1 2 22 18
2 3 0 23 26
1 3 0 9 27
2 3 0 24 25
1 3 0 18 28
2 4 19 1 2 6
2 4 21 11 12 10
2 4 21 14 15 13
3 4 19 3 4 5
3 3 20 7 8
3 3 22 16 17
26 2
2 3 18 19 20
2 2 21 1
2 2 21 2
3 2 21 3
3 2 24 4
2 2 24 5
3 2 18 6
3 2 25 7
1 2 25 8
1 2 19 9
2 2 24 10
3 2 20 11
3 2 22 12
2 2 22 13
2 2 22 14
3 2 23 15
2 2 23 16
1 2 23 17
2 4 0 6 21 24
1 3 0 9 25
3 4 0 11 22 23
2 4 18 1 2 3
2 4 20 13 14 12
3 4 20 15 17 16
2 4 18 4 10 5
3 3 19 7 8
33 2
3 3 24 25 26
2 2 28 1
2 2 28 2
2 2 28 3
3 2 24 4
3 2 29 5
2 2 28 6
2 2 29 7
2 2 29 8
3 2 31 9
3 2 26 10
2 2 32 11
3 2 32 12
2 2 30 13
2 2 30 14
2 2 30 15
3 2 25 16
3 2 32 17
3 2 31 18
2 2 31 19
3 2 26 20
3 2 27 21
1 2 27 22
1 2 27 23
2 4 0 4 28 29
3 4 0 16 30 32
3 5 0 20 10 27 31
1 4 26 21 22 23
2 5 24 1 2 3 6
2 4 24 7 8 5
2 4 25 13 14 15
3 4 26 18 19 9
3 4 25 11 12 17
38 2
2 3 28 29 30
2 2 31 1
2 2 31 2
3 2 34 3
2 2 34 4
2 2 34 5
3 2 35 6
2 2 35 7
2 2 35 8
3 2 36 9
3 2 33 10
2 2 33 11
3 2 36 12
2 2 32 13
2 2 32 14
3 2 32 15
2 2 31 16
2 2 31 17
3 2 31 18
3 2 28 19
3 2 37 20
3 2 37 21
3 2 36 22
3 2 36 23
3 2 32 24
3 2 33 25
1 2 33 26
1 2 33 27
2 4 0 19 31 32
2 4 0 34 35 37
1 3 0 33 36
2 6 28 1 2 18 17 16
2 5 28 13 14 15 24
1 6 30 25 26 27 10 11
2 4 29 4 5 3
2 4 29 7 8 6
3 5 30 9 22 23 12
3 3 29 20 21
26 2
2 3 18 19 20
2 2 21 1
2 2 21 2
3 2 21 3
3 2 24 4
2 2 24 5
3 2 18 6
3 2 25 7
1 2 25 8
1 2 19 9
2 2 24 10
3 2 20 11
3 2 22 12
2 2 22 13
2 2 22 14
3 2 23 15
2 2 23 16
1 2 23 17
2 4 0 6 21 24
1 3 0 9 25
3 4 0 11 22 23
2 4 18 1 2 3
2 4 20 13 14 12
3 4 20 15 17 16
2 4 18 4 10 5
3 3 19 7 8
22 2
2 3 14 15 16
2 2 18 1
2 2 18 2
3 2 19 3
3 2 16 4
2 2 20 5
3 2 20 6
3 2 17 7
1 2 17 8
1 2 17 9
3 2 21 10
1 2 21 11
1 2 21 12
1 2 19 13
2 3 0 18 19
1 3 0 17 20
3 3 0 4 21
1 4 15 7 8 9
2 3 14 1 2
3 3 14 3 13
2 3 15 5 6
1 4 16 10 11 12
35 2
2 3 24 25 26
2 2 31 1
2 2 31 2
2 2 31 3
3 2 33 4
3 2 33 5
2 2 31 6
2 2 33 7
3 2 27 8
2 2 27 9
2 2 27 10
3 2 28 11
2 2 28 12
2 2 28 13
3 2 34 14
3 2 34 15
3 2 32 16
3 2 32 17
3 2 29 18
2 2 29 19
2 2 29 20
3 2 30 21
1 2 30 22
1 2 30 23
2 3 0 31 33
2 4 0 27 28 32
2 4 0 29 30 34
2 4 25 9 10 8
2 4 25 12 13 11
2 4 26 19 20 18
1 4 26 21 22 23
2 5 24 1 2 3 6
3 3 25 16 17
3 4 24 5 7 4
3 3 26 14 15
26 2
2 3 18 19 20
2 2 21 1
2 2 21 2
3 2 21 3
3 2 24 4
2 2 24 5
3 2 18 6
3 2 25 7
1 2 25 8
1 2 19 9
2 2 24 10
3 2 20 11
3 2 22 12
2 2 22 13
2 2 22 14
3 2 23 15
2 2 23 16
1 2 23 17
2 4 0 6 21 24
1 3 0 9 25
3 4 0 11 22 23
2 4 18 1 2 3
2 4 20 13 14 12
3 4 20 15 17 16
2 4 18 4 10 5
3 3 19 7 8
36 2
1 4 24 25 26 27
2 2 31 1
2 2 31 2
3 2 31 3
3 2 32 4
2 2 32 5
3 2 32 6
3 2 35 7
1 2 35 8
1 2 25 9
3 2 28 10
1 2 28 11
3 2 28 12
3 2 34 13
3 2 34 14
2 2 30 15
3 2 30 16
2 2 28 17
3 2 29 18
1 2 29 19
1 2 29 20
3 2 33 21
1 2 33 22
1 2 33 23
2 3 0 31 32
1 3 0 9 35
3 4 0 28 29 30
1 3 0 33 34
3 5 26 10 11 12 17
1 4 26 18 19 20
2 3 26 15 16
2 4 24 1 2 3
3 4 24 4 5 6
1 4 27 21 22 23
3 3 27 13 14
3 3 25 7 8
34 2
3 4 24 25 26 27
2 2 30 1
2 2 30 2
2 2 30 3
3 2 31 4
2 2 31 5
3 2 27 6
3 2 25 7
2 2 28 8
2 2 28 9
2 2 28 10
3 2 28 11
3 2 29 12
3 2 29 13
2 2 32 14
3 2 32 15
2 2 31 16
3 2 31 17
2 2 30 18
2 2 29 19
3 2 29 20
3 2 33 21
1 2 33 22
1 2 26 23
2 3 0 30 31
3 4 0 7 28 29
1 3 0 23 33
3 3 0 6 32
2 5 25 8 9 10 11
3 5 25 13 19 12 20
2 5 24 1 2 18 3
3 5 24 4 5 17 16
2 3 27 14 15
3 3 26 21 22
33 2
3 4 13 23 24 25
2 2 29 1
2 2 29 2
2 2 29 3
3 2 31 4
3 2 31 5
2 2 31 6
3 2 24 7
2 2 26 8
2 2 26 9
2 2 26 10
3 2 30 11
3 2 30 12
3 2 0 13
3 2 32 14
3 2 32 15
2 2 30 16
3 2 27 17
1 2 27 18
1 2 27 19
3 2 28 20
1 2 28 21
1 2 28 22
2 3 0 29 31
3 4 0 7 26 30
1 4 0 27 28 32
2 4 24 8 9 10
1 4 25 17 18 19
1 4 25 20 21 22
2 4 23 1 2 3
3 4 24 11 16 12
3 4 23 5 6 4
3 3 25 14 15
35 2
1 4 25 28 29 30
2 2 31 1
2 2 31 2
3 2 31 3
3 2 32 4
2 2 32 5
3 2 32 6
3 2 27 7
2 2 26 8
2 2 26 9
3 2 26 10
2 2 26 11
3 2 27 12
3 2 27 13
1 2 27 14
1 2 27 15
3 2 26 16
1 2 26 17
1 2 26 18
3 2 33 19
1 2 33 20
1 2 28 21
3 2 34 22
1 2 34 23
1 2 29 24
2 3 0 31 32
2 8 30 8 9 10 11 16 17 18
3 6 30 13 14 15 12 7
1 3 0 21 33
1 3 0 24 34
2 3 0 26 27
2 4 25 1 2 3
3 4 25 4 5 6
3 3 28 19 20
3 3 29 22 23
34 2
1 4 24 25 26 27
2 2 28 1
2 2 28 2
3 2 28 3
3 2 31 4
2 2 31 5
3 2 25 6
2 2 30 7
3 2 30 8
1 2 30 9
4 2 32 10
1 2 32 11
1 2 27 12
1 2 27 13
2 2 31 14
3 2 29 15
3 2 28 16
2 2 28 17
2 2 29 18
3 2 29 19
2 2 29 20
3 2 33 21
1 2 33 22
1 2 26 23
2 3 0 28 29
3 4 0 6 30 31
1 3 0 23 33
1 4 0 12 13 32
2 6 24 1 2 3 16 17
3 5 24 15 20 19 18
3 4 25 8 9 7
2 4 25 4 5 14
4 3 27 10 11
3 3 26 21 22
26 2
3 3 18 19 20
2 2 22 1
2 2 22 2
3 2 22 3
3 2 24 4
2 2 21 5
3 2 21 6
1 2 21 7
2 2 24 8
3 2 24 9
3 2 23 10
2 2 23 11
2 2 23 12
3 2 20 13
2 2 24 14
3 2 25 15
1 2 25 16
1 2 25 17
2 3 0 22 23
3 3 0 21 24
3 3 0 13 25
3 4 19 6 7 5
2 4 18 1 2 3
2 4 18 11 12 10
3 5 19 4 8 9 14
1 4 20 15 16 17
26 2
2 3 18 19 20
2 2 23 1
2 2 23 2
2 2 23 3
3 2 24 4
2 2 24 5
2 2 23 6
2 2 24 7
2 2 21 8
3 2 21 9
2 2 21 10
2 2 21 11
3 2 22 12
2 2 22 13
2 2 22 14
3 2 25 15
1 2 25 16
1 2 20 17
2 3 0 23 24
2 3 0 21 22
1 3 0 17 25
2 5 19 10 11 9 8
2 4 19 13 14 12
2 5 18 1 2 3 6
2 4 18 4 5 7
3 3 20 15 16
26 2
2 3 18 19 20
2 2 21 1
2 2 21 2
3 2 21 3
3 2 24 4
2 2 24 5
3 2 18 6
3 2 25 7
1 2 25 8
1 2 19 9
2 2 24 10
3 2 20 11
3 2 22 12
2 2 22 13
2 2 22 14
3 2 23 15
2 2 23 16
1 2 23 17
2 4 0 6 21 24
1 3 0 9 25
3 4 0 11 22 23
2 4 18 1 2 3
2 4 20 13 14 12
3 4 20 15 17 16
2 4 18 4 10 5
3 3 19 7 8
29 2
2 3 20 21 22
2 2 24 1
2 2 24 2
2 2 24 3
3 2 27 4
3 2 27 5
2 2 27 6
3 2 21 7
2 2 23 8
2 2 23 9
2 2 23 10
3 2 25 11
3 2 25 12
3 2 28 13
2 2 28 14
3 2 28 15
2 2 25 16
3 2 26 17
1 2 26 18
1 2 26 19
2 3 0 24 27
3 4 0 7 23 25
1 3 0 26 28
2 4 21 8 9 10
2 4 20 1 2 3
3 4 21 11 16 12
1 4 22 17 18 19
3 4 20 5 6 4
3 4 22 13 14 15
26 2
2 3 18 19 20
2 2 22 1
2 2 22 2
2 2 22 3
3 2 24 4
3 2 24 5
2 2 22 6
2 2 24 7
2 2 23 8
3 2 23 9
3 2 21 10
2 2 21 11
2 2 21 12
3 2 19 13
2 2 23 14
3 2 25 15
1 2 25 16
1 2 20 17
2 3 0 22 24
2 4 0 13 21 23
1 3 0 17 25
2 4 19 11 12 10
2 5 18 1 2 3 6
2 4 19 8 9 14
3 4 18 5 7 4
3 3 20 15 16
20 2
1 3 13 14 15
2 2 16 1
2 2 16 2
3 2 16 3
2 2 17 4
2 2 17 5
3 2 17 6
3 2 18 7
1 2 18 8
1 2 14 9
3 2 19 10
1 2 19 11
1 2 15 12
2 3 0 16 17
1 3 0 9 18
1 3 0 12 19
2 4 13 1 2 3
2 4 13 4 5 6
3 3 14 7 8
3 3 15 10 11
33 2
2 3 24 25 26
2 2 27 1
2 2 27 2
3 2 30 3
2 2 30 4
3 2 32 5
3 2 32 6
3 2 25 7
3 2 30 8
3 2 30 9
3 2 27 10
2 2 27 11
2 2 27 12
3 2 25 13
3 2 28 14
2 2 28 15
2 2 28 16
3 2 29 17
1 2 29 18
1 2 29 19
2 2 31 20
2 2 31 21
2 2 31 22
2 2 32 23
2 3 0 27 30
3 5 0 13 7 28 29
2 3 0 31 32
2 6 24 1 2 10 11 12
2 4 25 15 16 14
1 4 25 17 18 19
3 5 24 3 4 8 9
2 4 26 20 21 22
3 4 26 5 23 6
32 2
3 3 23 24 25
2 2 29 1
3 2 31 2
2 2 31 3
3 2 31 4
3 2 29 5
3 2 29 6
2 2 26 7
2 2 26 8
3 2 26 9
3 2 23 10
3 2 28 11
2 2 28 12
3 2 24 13
2 2 26 14
3 2 27 15
1 2 27 16
1 2 27 17
2 2 28 18
2 2 28 19
3 2 30 20
1 2 30 21
1 2 30 22
3 4 0 10 26 29
3 4 0 13 27 28
1 3 0 30 31
2 5 23 7 8 9 14
1 4 24 15 16 17
2 5 24 18 19 11 12
3 4 23 1 6 5
1 4 25 20 21 22
3 4 25 2 3 4
26 2
2 3 18 19 20
2 2 22 1
2 2 22 2
2 2 22 3
3 2 24 4
2 2 23 5
3 2 23 6
2 2 21 7
3 2 21 8
2 2 21 9
2 2 21 10
3 2 23 11
2 2 24 12
3 2 24 13
2 2 22 14
3 2 25 15
1 2 25 16
1 2 20 17
2 3 0 22 24
2 3 0 21 23
1 3 0 17 25
2 5 19 9 10 8 7
2 5 18 1 2 3 14
3 4 19 5 6 11
3 4 18 12 13 4
3 3 20 15 16
30 2
2 3 21 22 23
2 2 24 1
2 2 24 2
3 2 24 3
3 2 28 4
2 2 28 5
3 2 22 6
3 2 26 7
1 2 26 8
1 2 26 9
2 2 28 10
3 2 29 11
2 2 29 12
3 2 29 13
2 2 25 14
2 2 25 15
3 2 25 16
2 2 24 17
3 2 27 18
1 2 27 19
1 2 27 20
2 3 0 24 25
3 4 0 6 26 28
1 3 0 27 29
2 5 21 1 2 3 17
2 4 21 14 15 16
1 4 22 7 8 9
1 4 23 18 19 20
2 4 22 4 5 10
3 4 23 11 12 13
29 2
2 4 7 20 21 22
2 2 23 1
2 2 23 2
2 2 23 3
3 2 27 4
3 2 27 5
2 2 27 6
3 2 0 7
2 2 25 8
2 2 25 9
2 2 25 10
3 2 26 11
3 2 28 12
3 2 28 13
3 2 28 14
2 2 26 15
2 2 26 16
3 2 24 17
1 2 24 18
1 2 24 19
2 3 0 23 27
2 3 0 25 26
1 3 0 24 28
2 4 20 1 2 3
1 4 22 17 18 19
2 4 21 8 9 10
2 4 21 15 16 11
3 4 20 5 6 4
3 4 22 12 13 14
25 2
1 3 17 18 19
2 2 20 1
2 2 20 2
3 2 17 3
3 2 23 4
2 2 23 5
2 2 21 6
2 2 21 7
3 2 21 8
3 2 24 9
1 2 24 10
1 2 18 11
3 2 23 12
2 2 20 13
3 2 22 14
1 2 22 15
1 2 22 16
2 4 0 3 20 21
1 3 0 11 24
1 3 0 22 23
2 4 17 1 2 13
2 4 17 6 7 8
1 4 19 14 15 16
3 4 19 4 5 12
3 3 18 9 10
36 2
2 3 27 28 29
2 2 32 1
2 2 32 2
3 2 33 3
3 2 30 4
2 2 30 5
2 2 30 6
3 2 28 7
3 2 33 8
3 2 33 9
3 2 32 10
2 2 32 11
2 2 27 12
3 2 35 13
3 2 35 14
3 2 31 15
3 2 31 16
2 2 31 17
2 2 31 18
2 2 31 19
2 2 31 20
3 2 34 21
1 2 34 22
1 2 34 23
3 2 30 24
1 2 30 25
1 2 30 26
2 4 0 12 32 33
2 4 0 7 30 31
1 3 0 34 35
2 7 28 5 6 4 24 25 26
2 7 28 17 18 19 20 16 15
2 5 27 1 2 10 11
3 4 27 3 8 9
1 4 29 21 22 23
3 3 29 13 14
37 2
2 3 28 29 31
2 2 27 1
2 2 27 2
3 2 27 3
2 2 27 4
2 2 27 5
3 2 30 6
3 2 35 7
2 2 35 8
3 2 35 9
3 2 36 10
3 2 30 11
3 2 27 12
3 2 27 13
2 2 27 14
3 2 36 15
3 2 36 16
2 2 34 17
2 2 34 18
2 2 34 19
2 2 34 20
3 2 32 21
1 2 32 22
1 2 32 23
3 2 33 24
1 2 33 25
1 2 33 26
2 9 31 1 2 14 3 4 5 12 13
2 3 0 34 36
1 4 0 32 33 35
3 3 31 6 11
2 3 0 27 30
1 4 29 21 22 23
1 4 29 24 25 26
2 5 28 17 18 19 20
3 4 29 7 8 9
3 4 28 10 16 15
30 2
2 4 20 21 22 23
2 2 24 1
2 2 24 2
3 2 24 3
3 2 26 4
2 2 26 5
3 2 20 6
3 2 28 7
1 2 28 8
1 2 21 9
2 2 26 10
3 2 27 11
3 2 25 12
2 2 25 13
2 2 25 14
3 2 27 15
2 2 27 16
3 2 29 17
1 2 29 18
1 2 23 19
2 4 0 6 24 26
1 3 0 9 28
2 3 0 25 27
1 3 0 19 29
2 4 20 1 2 3
2 4 22 13 14 12
2 4 20 4 10 5
3 4 22 11 16 15
3 3 21 7 8
3 3 23 17 18
29 2
3 3 20 21 22
2 2 24 1
2 2 24 2
3 2 24 3
3 2 27 4
2 2 27 5
3 2 21 6
3 2 23 7
1 2 23 8
1 2 23 9
2 2 27 10
3 2 22 11
2 2 25 12
3 2 25 13
3 2 26 14
2 2 28 15
3 2 28 16
2 2 28 17
1 2 26 18
1 2 25 19
2 3 0 24 28
3 4 0 6 23 27
3 4 0 11 25 26
1 4 21 7 8 9
2 4 20 1 2 3
3 4 22 13 19 12
3 3 22 14 18
2 4 21 4 5 10
2 4 20 15 16 17
26 2
2 3 18 19 20
2 2 22 1
2 2 22 2
2 2 22 3
3 2 24 4
3 2 24 5
2 2 22 6
2 2 21 7
3 2 21 8
2 2 21 9
2 2 21 10
3 2 23 11
2 2 23 12
3 2 23 13
2 2 24 14
3 2 25 15
1 2 25 16
1 2 20 17
2 3 0 22 24
2 3 0 21 23
1 3 0 17 25
2 5 19 9 10 8 7
2 5 18 1 2 3 6
3 4 19 11 12 13
3 4 18 4 14 5
3 3 20 15 16
33 2
2 4 22 23 24 25
2 2 26 1
2 2 26 2
3 2 26 3
2 2 27 4
2 2 27 5
3 2 27 6
3 2 31 7
2 2 28 8
2 2 28 9
3 2 28 10
2 2 23 11
3 2 31 12
3 2 30 13
1 2 30 14
1 2 30 15
3 2 29 16
1 2 29 17
1 2 29 18
3 2 32 19
1 2 32 20
1 2 25 21
2 3 0 26 27
2 4 0 11 28 29
1 3 0 30 31
1 3 0 21 32
2 4 22 1 2 3
2 4 22 4 5 6
2 4 23 8 9 10
1 4 23 16 17 18
1 4 24 13 14 15
3 3 24 7 12
3 3 25 19 20
37 2
2 4 26 27 28 29
2 2 30 1
2 2 30 2
3 2 35 3
3 2 35 4
3 2 29 5
2 2 31 6
2 2 31 7
3 2 31 8
3 2 31 9
3 2 30 10
2 2 30 11
2 2 30 12
3 2 26 13
3 2 36 14
1 2 36 15
1 2 27 16
2 2 34 17
3 2 34 18
3 2 32 19
3 2 32 20
3 2 33 21
2 2 33 22
2 2 33 23
1 2 33 24
1 2 32 25
2 4 0 13 30 31
1 3 0 16 36
2 4 0 32 33 34
3 3 0 5 35
2 6 26 1 2 10 11 12
2 5 26 6 7 8 9
3 4 28 20 25 19
2 5 28 21 24 22 23
2 3 28 17 18
3 3 29 3 4
3 3 27 14 15
34 2
3 4 24 25 26 27
2 2 30 1
2 2 30 2
2 2 30 3
3 2 24 4
3 2 31 5
2 2 30 6
2 2 31 7
2 2 31 8
3 2 32 9
3 2 27 10
3 2 29 11
3 2 29 12
3 2 25 13
2 2 32 14
2 2 28 15
2 2 28 16
2 2 28 17
3 2 28 18
3 2 29 19
2 2 29 20
3 2 33 21
1 2 33 22
1 2 26 23
2 4 0 4 30 31
3 4 0 13 28 29
1 3 0 23 33
3 3 0 10 32
2 5 25 15 16 17 18
3 5 25 11 20 19 12
2 5 24 1 2 3 6
2 4 24 7 8 5
3 3 27 9 14
3 3 26 21 22
30 2
1 4 20 21 22 23
2 2 24 1
2 2 24 2
3 2 25 3
2 2 25 4
3 2 27 5
2 2 27 6
3 2 27 7
3 2 25 8
3 2 20 9
2 2 24 10
3 2 28 11
1 2 28 12
1 2 21 13
3 2 26 14
1 2 26 15
1 2 26 16
3 2 29 17
1 2 29 18
1 2 23 19
3 4 0 9 24 25
1 3 0 13 28
1 3 0 26 27
1 3 0 19 29
2 4 20 1 2 10
3 4 20 3 4 8
1 4 22 14 15 16
3 4 22 5 6 7
3 3 21 11 12
3 3 23 17 18
26 2
2 3 18 19 20
2 2 21 1
2 2 21 2
3 2 21 3
3 2 24 4
2 2 24 5
3 2 18 6
3 2 25 7
1 2 25 8
1 2 19 9
2 2 24 10
3 2 20 11
3 2 22 12
2 2 22 13
2 2 22 14
3 2 23 15
2 2 23 16
1 2 23 17
2 4 0 6 21 24
1 3 0 9 25
3 4 0 11 22 23
2 4 18 1 2 3
2 4 20 13 14 12
3 4 20 15 17 16
2 4 18 4 10 5
3 3 19 7 8
34 2
2 4 24 25 26 27
2 2 30 1
2 2 30 2
3 2 30 3
2 2 30 4
3 2 31 5
2 2 31 6
2 2 31 7
3 2 28 8
1 2 28 9
2 2 28 10
2 2 28 11
2 2 28 12
3 2 29 13
2 2 29 14
2 2 29 15
3 2 29 16
2 2 29 17
3 2 32 18
1 2 32 19
1 2 26 20
3 2 33 21
1 2 33 22
1 2 27 23
2 3 0 30 31
2 3 0 28 29
1 3 0 20 32
1 3 0 23 33
2 6 25 8 9 10 11 12
2 6 25 14 15 16 17 13
2 5 24 1 2 3 4
2 4 24 6 7 5
3 3 26 18 19
3 3 27 21 22
31 2
1 4 21 22 23 24
2 2 27 1
2 2 27 2
3 2 27 3
3 2 28 4
2 2 28 5
3 2 28 6
3 2 29 7
1 2 29 8
1 2 22 9
3 2 25 10
1 2 25 11
3 2 25 12
3 2 23 13
2 2 26 14
2 2 26 15
3 2 26 16
2 2 25 17
3 2 30 18
1 2 30 19
1 2 24 20
2 3 0 27 28
1 3 0 9 29
3 4 0 13 25 26
1 3 0 20 30
3 5 23 10 11 12 17
2 4 23 14 15 16
2 4 21 1 2 3
3 4 21 4 5 6
3 3 22 7 8
3 3 24 18 19
30 2
3 3 21 22 23
2 2 27 1
2 2 27 2
2 2 27 3
3 2 29 4
3 2 29 5
2 2 29 6
3 2 22 7
2 2 24 8
2 2 24 9
2 2 24 10
3 2 28 11
3 2 28 12
3 2 23 13
3 2 25 14
3 2 25 15
2 2 28 16
1 2 25 17
3 2 26 18
1 2 26 19
1 2 26 20
2 3 0 27 29
3 4 0 7 24 28
3 4 0 13 25 26
2 4 22 8 9 10
3 4 23 15 17 14
1 4 23 18 19 20
2 4 21 1 2 3
3 4 22 11 16 12
3 4 21 5 6 4
34 2
2 3 24 25 26
2 2 30 1
2 2 30 2
2 2 30 3
3 2 31 4
3 2 31 5
2 2 30 6
2 2 31 7
3 2 27 8
2 2 27 9
2 2 27 10
3 2 29 11
3 2 26 12
2 2 32 13
2 2 32 14
3 2 28 15
3 2 29 16
3 2 27 17
3 2 28 18
2 2 28 19
2 2 28 20
3 2 33 21
1 2 33 22
1 2 33 23
2 3 0 30 31
2 4 0 27 28 29
3 4 0 12 32 33
2 5 25 9 10 8 17
2 5 25 19 20 18 15
3 3 25 11 16
2 5 24 1 2 3 6
3 4 24 5 7 4
2 3 26 13 14
1 4 26 21 23 22
30 2
1 4 20 21 22 23
2 2 24 1
2 2 24 2
3 2 26 3
3 2 26 4
3 2 20 5
2 2 24 6
3 2 28 7
1 2 28 8
1 2 21 9
3 2 25 10
2 2 25 11
2 2 25 12
3 2 27 13
2 2 27 14
3 2 27 15
2 2 26 16
3 2 29 17
1 2 29 18
1 2 23 19
3 4 0 5 24 26
1 3 0 9 28
2 3 0 25 27
1 3 0 19 29
2 4 20 1 2 6
2 4 22 11 12 10
3 4 20 3 16 4
3 4 22 13 14 15
3 3 21 7 8
3 3 23 17 18
42 2
2 5 29 30 31 32 33
2 2 36 1
2 2 36 2
3 2 38 3
3 2 33 4
2 2 37 5
3 2 37 6
3 2 37 7
3 2 38 8
3 2 38 9
3 2 36 10
3 2 36 11
2 2 36 12
3 2 34 13
3 2 34 14
2 2 34 15
2 2 34 16
3 2 35 17
1 2 35 18
1 2 35 19
3 2 40 20
1 2 40 21
1 2 31 22
3 2 41 23
1 2 41 24
1 2 32 25
3 2 39 26
1 2 39 27
1 2 39 28
2 3 0 36 38
2 4 0 34 35 37
1 3 0 22 40
1 3 0 25 41
3 3 0 4 39
2 5 30 15 16 14 13
1 4 30 17 19 18
2 6 29 1 2 10 11 12
3 4 30 5 6 7
3 4 29 3 8 9
1 4 33 26 27 28
3 3 31 20 21
3 3 32 23 24
38 2
2 4 27 28 29 30
2 2 31 1
2 2 31 2
3 2 32 3
2 2 32 4
2 2 32 5
3 2 37 6
3 2 37 7
3 2 32 8
3 2 27 9
3 2 31 10
2 2 31 11
2 2 31 12
3 2 29 13
3 2 34 14
3 2 34 15
3 2 34 16
2 2 33 17
2 2 33 18
2 2 33 19
2 2 33 20
3 2 36 21
1 2 36 22
1 2 36 23
3 2 35 24
1 2 35 25
1 2 35 26
2 4 0 9 31 32
2 3 0 33 34
3 3 0 13 36
1 3 0 35 37
2 6 27 1 2 10 11 12
2 5 27 4 5 3 8
2 5 28 17 18 19 20
3 4 28 14 15 16
1 4 30 24 25 26
1 4 29 21 22 23
3 3 30 6 7
25 2
2 3 17 18 19
2 2 20 1
2 2 20 2
2 2 20 3
3 2 22 4
3 2 22 5
2 2 20 6
2 2 22 7
3 2 23 8
3 2 21 9
2 2 21 10
2 2 21 11
3 2 23 12
2 2 23 13
3 2 24 14
1 2 24 15
1 2 19 16
2 3 0 20 22
2 3 0 21 23
1 3 0 16 24
2 5 17 1 2 3 6
2 4 18 10 11 9
3 4 17 5 7 4
3 4 18 8 13 12
3 3 19 14 15
34 2
2 4 24 25 26 27
2 2 28 1
2 2 28 2
3 2 29 3
2 2 29 4
2 2 29 5
2 2 29 6
3 2 31 7
3 2 31 8
3 2 28 9
2 2 28 10
3 2 27 11
3 2 27 12
2 2 32 13
3 2 32 14
2 2 30 15
3 2 30 16
2 2 30 17
2 2 30 18
3 2 32 19
2 2 32 20
3 2 33 21
1 2 33 22
1 2 26 23
2 4 0 28 29 31
2 3 0 30 32
1 3 0 23 33
3 3 0 11 12
2 5 24 1 2 10 9
2 5 24 4 5 6 3
2 5 25 17 18 16 15
3 3 24 7 8
3 5 25 13 14 19 20
3 3 26 21 22
29 2
2 4 19 20 21 22
2 2 23 1
2 2 23 2
3 2 23 3
2 2 24 4
2 2 24 5
3 2 24 6
3 2 26 7
2 2 25 8
2 2 25 9
3 2 25 10
2 2 26 11
2 2 26 12
3 2 27 13
1 2 27 14
1 2 21 15
3 2 28 16
1 2 28 17
1 2 22 18
2 3 0 23 24
2 3 0 25 26
1 3 0 15 27
1 3 0 18 28
2 4 19 1 2 3
2 4 19 4 5 6
2 4 20 8 9 10
2 4 20 11 12 7
3 3 21 13 14
3 3 22 16 17
26 2
2 3 18 19 20
2 2 22 1
2 2 22 2
2 2 22 3
3 2 24 4
3 2 24 5
2 2 22 6
2 2 21 7
3 2 21 8
2 2 21 9
2 2 21 10
3 2 23 11
2 2 23 12
3 2 23 13
2 2 24 14
3 2 25 15
1 2 25 16
1 2 20 17
2 3 0 22 24
2 3 0 21 23
1 3 0 17 25
2 5 19 9 10 8 7
2 5 18 1 2 3 6
3 4 19 11 12 13
3 4 18 4 14 5
3 3 20 15 16
30 2
2 4 20 21 22 23
2 2 24 1
2 2 24 2
3 2 25 3
2 2 25 4
2 2 25 5
2 2 23 6
3 2 23 7
3 2 27 8
3 2 27 9
2 2 24 10
3 2 28 11
3 2 28 12
3 2 28 13
2 2 26 14
2 2 26 15
2 2 26 16
3 2 29 17
1 2 29 18
1 2 22 19
2 4 0 24 25 27
2 3 0 26 28
1 3 0 19 29
2 3 0 6 7
2 4 20 1 2 10
2 4 20 4 5 3
2 4 21 14 15 16
3 3 20 8 9
3 4 21 11 12 13
3 3 22 17 18
20 2
1 3 13 14 15
2 2 16 1
2 2 16 2
3 2 17 3
2 2 17 4
3 2 17 5
2 2 16 6
3 2 18 7
1 2 18 8
1 2 14 9
3 2 19 10
1 2 19 11
1 2 15 12
2 3 0 16 17
1 3 0 9 18
1 3 0 12 19
2 4 13 1 2 6
3 4 13 3 4 5
3 3 14 7 8
3 3 15 10 11
38 2
3 5 26 27 28 29 30
2 2 32 1
2 2 32 2
2 2 32 3
3 2 34 4
3 2 34 5
2 2 32 6
3 2 33 7
2 2 31 8
2 2 31 9
3 2 31 10
3 2 31 11
3 2 33 12
3 2 34 13
3 2 29 14
3 2 27 15
2 2 31 16
3 2 36 17
1 2 36 18
1 2 28 19
3 2 35 20
1 2 35 21
1 2 35 22
3 2 37 23
1 2 37 24
1 2 30 25
2 3 0 32 34
3 4 0 15 31 33
1 3 0 19 36
3 3 0 14 35
1 3 0 25 37
2 6 27 8 9 10 11 16
2 5 26 1 2 3 6
3 3 27 7 12
3 4 26 4 5 13
1 4 29 20 21 22
3 3 28 17 18
3 3 30 23 24
25 2
2 3 17 18 19
2 2 20 1
2 2 20 2
2 2 20 3
3 2 22 4
2 2 22 5
3 2 23 6
2 2 21 7
3 2 21 8
2 2 21 9
2 2 21 10
3 2 23 11
3 2 22 12
2 2 20 13
3 2 24 14
1 2 24 15
1 2 19 16
2 3 0 20 22
2 3 0 21 23
1 3 0 16 24
2 5 17 1 2 3 13
2 5 18 9 10 8 7
3 4 17 4 5 12
3 3 18 6 11
3 3 19 14 15
34 2
2 4 8 24 25 26
2 2 28 1
2 2 28 2
2 2 28 3
3 2 31 4
3 2 31 5
2 2 28 6
2 2 31 7
3 2 0 8
3 2 32 9
2 2 29 10
2 2 29 11
2 2 29 12
2 2 29 13
3 2 32 14
2 2 32 15
3 2 33 16
3 2 30 17
3 2 30 18
2 2 30 19
3 2 33 20
3 2 27 21
1 2 27 22
1 2 27 23
2 3 0 28 31
2 3 0 29 32
3 4 0 27 30 33
1 4 26 21 22 23
2 5 24 1 2 3 6
2 5 25 10 11 12 13
3 4 26 18 19 17
3 4 24 5 7 4
3 4 25 14 15 9
3 3 26 16 20
34 2
2 3 24 25 26
2 2 29 1
2 2 29 2
2 2 29 3
3 2 31 4
2 2 31 5
3 2 33 6
3 2 33 7
2 2 27 8
2 2 27 9
2 2 27 10
3 2 30 11
3 2 32 12
3 2 32 13
2 2 32 14
3 2 33 15
2 2 31 16
3 2 31 17
2 2 29 18
3 2 30 19
2 2 30 20
3 2 28 21
1 2 28 22
1 2 28 23
2 3 0 29 31
2 4 0 27 28 30
3 3 0 32 33
2 4 25 8 9 10
1 4 25 21 22 23
2 5 24 1 2 18 3
3 4 25 11 20 19
3 5 24 4 5 17 16
3 4 26 13 14 12
3 4 26 6 7 15
25 2
2 3 17 18 19
2 2 20 1
2 2 20 2
2 2 20 3
3 2 22 4
3 2 22 5
2 2 20 6
3 2 23 7
2 2 21 8
3 2 21 9
2 2 21 10
2 2 21 11
3 2 23 12
2 2 22 13
3 2 24 14
1 2 24 15
1 2 19 16
2 3 0 20 22
2 3 0 21 23
1 3 0 16 24
2 5 17 1 2 3 6
2 5 18 10 11 9 8
3 4 17 4 13 5
3 3 18 7 12
3 3 19 14 15
30 2
1 3 21 22 23
1 2 24 1
3 2 24 2
1 2 24 3
2 2 24 4
3 2 25 5
2 2 25 6
2 2 25 7
3 2 28 8
3 2 28 9
2 2 25 10
2 2 28 11
3 2 29 12
3 2 29 13
2 2 26 14
2 2 26 15
3 2 26 16
2 2 22 17
3 2 27 18
1 2 27 19
1 2 27 20
1 3 0 24 25
2 4 0 17 26 27
3 3 0 28 29
1 5 21 1 2 3 4
2 5 21 6 7 5 10
2 4 22 14 15 16
1 4 22 18 20 19
3 4 23 9 11 8
3 3 23 12 13
35 2
2 3 24 25 26
2 2 31 1
2 2 31 2
2 2 31 3
3 2 34 4
3 2 34 5
2 2 34 6
3 2 32 7
2 2 27 8
2 2 27 9
2 2 27 10
3 2 30 11
3 2 32 12
3 2 32 13
3 2 33 14
3 2 33 15
2 2 28 16
2 2 28 17
3 2 28 18
2 2 28 19
2 2 30 20
3 2 29 21
1 2 29 22
1 2 29 23
2 3 0 31 34
2 4 0 27 28 30
3 4 0 29 32 33
2 4 25 8 9 10
2 5 25 16 17 18 19
1 4 26 21 22 23
3 3 25 11 20
2 4 24 1 2 3
3 4 26 7 12 13
3 3 26 14 15
3 4 24 5 6 4
36 2
2 3 26 27 28
2 2 29 1
2 2 29 2
3 2 35 3
3 2 28 4
3 2 32 5
2 2 34 6
3 2 34 7
3 2 35 8
3 2 35 9
3 2 29 10
2 2 29 11
2 2 26 12
3 2 27 13
3 2 30 14
2 2 30 15
2 2 30 16
3 2 31 17
1 2 31 18
1 2 31 19
3 2 32 20
3 2 33 21
2 2 33 22
2 2 33 23
1 2 33 24
1 2 32 25
2 4 0 12 29 35
2 5 0 13 30 31 34
3 4 0 4 32 33
2 5 26 1 2 10 11
2 4 27 15 16 14
1 4 27 17 18 19
3 4 28 20 25 5
2 5 28 21 24 22 23
2 3 27 6 7
3 4 26 3 8 9
29 2
2 3 20 21 22
2 2 24 1
2 2 24 2
3 2 26 3
3 2 27 4
3 2 27 5
2 2 24 6
2 2 23 7
2 2 23 8
3 2 23 9
3 2 27 10
3 2 28 11
2 2 28 12
3 2 28 13
2 2 23 14
3 2 25 15
1 2 25 16
1 2 25 17
2 2 26 18
2 2 26 19
2 3 0 24 26
2 3 0 23 27
1 3 0 25 28
2 5 21 7 8 9 14
2 4 20 1 2 6
1 4 22 15 16 17
2 4 20 18 19 3
3 4 21 4 10 5
3 4 22 11 12 13
32 2
2 3 25 26 30
2 2 24 1
2 2 24 2
2 2 24 3
3 2 24 4
3 2 24 5
2 2 24 6
3 2 27 7
2 2 28 8
2 2 28 9
2 2 28 10
3 2 28 11
3 2 27 12
3 2 27 13
3 2 27 14
2 2 29 15
2 2 29 16
3 2 29 17
3 2 29 18
2 2 29 19
2 2 28 20
3 2 31 21
1 2 31 22
1 2 26 23
2 7 30 1 2 3 6 4 5
2 3 0 28 29
1 3 0 23 31
3 5 30 7 12 13 14
2 6 25 8 9 10 11 20
2 6 25 15 16 17 18 19
2 3 0 24 27
3 3 26 21 22
28 2
2 3 21 22 24
2 2 20 1
2 2 20 2
3 2 20 3
2 2 20 4
2 2 20 5
3 2 23 6
2 2 25 7
2 2 25 8
2 2 25 9
3 2 26 10
3 2 23 11
3 2 23 12
3 2 23 13
2 2 20 14
2 2 26 15
3 2 26 16
3 2 27 17
1 2 27 18
1 2 22 19
2 7 24 1 2 14 3 4 5
2 3 0 25 26
1 3 0 19 27
3 5 24 6 11 12 13
2 3 0 20 23
2 4 21 7 8 9
3 4 21 15 16 10
3 3 22 17 18
30 2
1 4 20 21 22 23
2 2 24 1
2 2 24 2
3 2 25 3
2 2 25 4
3 2 27 5
3 2 27 6
2 2 27 7
3 2 25 8
3 2 20 9
2 2 24 10
3 2 28 11
1 2 28 12
1 2 21 13
3 2 26 14
1 2 26 15
1 2 26 16
3 2 29 17
1 2 29 18
1 2 23 19
3 4 0 9 24 25
1 3 0 13 28
1 3 0 26 27
1 3 0 19 29
2 4 20 1 2 10
3 4 20 3 4 8
1 4 22 14 15 16
3 4 22 6 7 5
3 3 21 11 12
3 3 23 17 18
36 2
2 3 26 27 28
2 2 29 1
2 2 29 2
3 2 35 3
3 2 34 4
2 2 34 5
3 2 34 6
3 2 27 7
3 2 35 8
3 2 35 9
3 2 29 10
2 2 29 11
2 2 26 12
3 2 27 13
3 2 30 14
2 2 30 15
2 2 30 16
3 2 31 17
1 2 31 18
1 2 31 19
3 2 32 20
1 2 32 21
1 2 32 22
3 2 33 23
1 2 33 24
1 2 33 25
2 4 0 12 29 35
3 5 0 13 7 30 31
1 4 0 32 33 34
2 5 26 1 2 10 11
2 4 27 15 16 14
1 4 27 17 18 19
1 4 28 20 21 22
1 4 28 23 24 25
3 4 28 4 5 6
3 4 26 3 8 9
27 2
2 3 20 21 23
1 2 19 1
2 2 19 2
3 2 19 3
2 2 19 4
2 2 19 5
3 2 22 6
3 2 22 7
2 2 19 8
2 2 25 9
3 2 25 10
3 2 24 11
2 2 24 12
2 2 24 13
3 2 20 14
2 2 25 15
3 2 26 16
1 2 26 17
1 2 21 18
2 7 23 1 2 3 8 4 5
2 4 0 14 24 25
1 3 0 18 26
3 3 23 6 7
2 3 0 19 22
2 4 20 12 13 11
2 4 20 9 10 15
3 3 21 16 17
24 2
2 3 16 17 18
2 2 20 1
2 2 20 2
3 2 21 3
2 2 19 4
2 2 19 5
2 2 19 6
3 2 21 7
3 2 21 8
3 2 22 9
2 2 20 10
2 2 22 11
3 2 18 12
3 2 23 13
1 2 23 14
1 2 23 15
2 3 0 20 22
2 3 0 19 21
3 3 0 12 23
2 4 17 4 5 6
2 4 16 1 2 10
3 4 17 3 8 7
3 3 16 9 11
1 4 18 13 14 15
25 0
3 3 17 18 19
2 2 20 1
2 2 20 2
3 2 17 3
2 2 21 4
3 2 21 5
2 2 20 6
1 2 21 7
3 2 23 8
2 2 22 9
2 2 22 10
2 2 22 11
3 2 23 12
2 2 23 13
3 2 24 14
1 2 24 15
1 2 19 16
3 4 0 3 20 21
2 3 0 22 23
1 3 0 16 24
2 4 17 1 2 6
3 4 17 5 7 4
2 4 18 9 10 11
3 4 18 8 13 12
3 3 19 14 15
39 0
1 6 25 26 27 28 29 30
2 2 31 1
2 2 31 2
3 2 34 3
3 2 34 4
3 2 34 5
2 2 31 6
3 2 35 7
1 2 35 8
1 2 26 9
3 2 32 10
2 2 32 11
2 2 32 12
3 2 33 13
2 2 33 14
3 2 33 15
3 2 36 16
1 2 36 17
1 2 28 18
3 2 37 19
1 2 37 20
1 2 29 21
3 2 38 22
1 2 38 23
1 2 30 24
2 3 0 31 34
1 3 0 9 35
2 3 0 32 33
1 3 0 18 36
1 3 0 21 37
1 3 0 24 38
2 4 25 1 2 6
2 4 27 11 12 10
3 4 27 13 14 15
3 4 25 3 4 5
3 3 26 7 8
3 3 28 16 17
3 3 29 19 20
3 3 30 22 23
18 0
2 2 12 13
2 2 17 1
2 2 17 2
3 2 13 3
2 2 15 4
2 2 15 5
3 2 12 6
2 2 14 7
1 2 14 8
3 2 16 9
1 2 16 10
1 2 16 11
2 4 0 6 14 17
3 4 0 3 15 16
2 3 12 7 8
2 3 13 4 5
1 4 13 9 10 11
2 3 12 1 2
22 0
2 3 14 15 16
2 2 18 1
2 2 18 2
3 2 19 3
3 2 16 4
2 2 20 5
3 2 20 6
3 2 17 7
1 2 17 8
1 2 17 9
3 2 21 10
1 2 21 11
1 2 21 12
1 2 19 13
2 3 0 18 19
1 3 0 17 20
3 3 0 4 21
1 4 15 7 8 9
2 3 14 1 2
3 3 14 3 13
2 3 15 5 6
1 4 16 10 11 12
25 0
2 3 17 18 19
2 2 20 1
2 2 20 2
2 2 20 3
3 2 21 4
3 2 21 5
2 2 20 6
3 2 23 7
2 2 22 8
2 2 22 9
3 2 22 10
2 2 23 11
2 2 23 12
3 2 24 13
1 2 24 14
1 2 19 15
1 2 21 16
2 3 0 20 21
2 3 0 22 23
1 3 0 15 24
2 5 17 1 2 3 6
3 4 17 4 16 5
2 4 18 8 9 10
2 4 18 11 12 7
3 3 19 13 14
17 0
2 2 11 16
2 2 14 1
2 2 14 2
3 2 15 3
2 2 15 4
2 2 13 5
3 2 13 6
3 2 12 7
1 2 12 8
1 2 12 9
1 2 15 10
2 3 0 14 15
1 4 16 7 8 9
2 3 16 5 6
2 3 11 1 2
3 4 11 3 10 4
1 3 0 12 13
33 0
2 4 22 23 24 25
2 2 26 1
2 2 26 2
2 2 26 3
3 2 29 4
3 2 29 5
2 2 29 6
3 2 31 7
2 2 27 8
2 2 27 9
3 2 27 10
2 2 23 11
3 2 31 12
3 2 30 13
1 2 30 14
1 2 30 15
3 2 28 16
1 2 28 17
1 2 28 18
3 2 32 19
1 2 32 20
1 2 25 21
2 3 0 26 29
2 4 0 11 27 28
1 3 0 30 31
1 3 0 21 32
2 4 22 1 2 3
2 4 23 8 9 10
1 4 23 16 17 18
3 4 22 5 6 4
1 4 24 13 14 15
3 3 24 7 12
3 3 25 19 20
22 0
1 3 14 15 16
1 2 19 1
3 2 19 2
3 2 17 3
2 2 17 4
2 2 17 5
3 2 18 6
2 2 18 7
3 2 18 8
2 2 20 9
2 2 20 10
3 2 21 11
1 2 21 12
1 2 16 13
1 3 0 19 20
2 3 0 17 18
1 3 0 13 21
2 4 15 4 5 3
3 4 15 6 7 8
1 3 14 1 2
2 3 14 9 10
3 3 16 11 12
26 0
2 3 18 19 20
1 2 23 1
3 2 23 2
2 2 23 3
2 2 23 4
2 2 24 5
2 2 24 6
3 2 24 7
3 2 21 8
2 2 21 9
2 2 21 10
3 2 22 11
3 2 22 12
2 2 21 13
1 2 22 14
3 2 25 15
1 2 25 16
1 2 20 17
2 3 0 23 24
2 3 0 21 22
1 3 0 17 25
2 5 19 9 10 8 13
3 4 19 12 14 11
2 5 18 1 2 3 4
2 4 18 5 6 7
3 3 20 15 16
18 0
3 2 12 13
2 2 14 1
2 2 14 2
3 2 12 3
3 2 16 4
2 2 16 5
3 2 17 6
1 2 17 7
1 2 16 8
3 2 15 9
1 2 15 10
1 2 15 11
3 4 0 3 14 15
3 3 0 16 17
2 3 12 1 2
1 4 12 9 10 11
3 4 13 4 8 5
3 3 13 6 7
23 0
2 3 15 16 17
2 2 19 1
2 2 19 2
3 2 15 3
3 2 17 4
2 2 21 5
3 2 21 6
3 2 20 7
1 2 20 8
1 2 20 9
3 2 22 10
1 2 22 11
1 2 22 12
2 2 18 13
1 2 18 14
2 4 0 3 18 19
1 3 0 20 21
3 3 0 4 22
2 3 15 13 14
2 3 15 1 2
1 4 16 7 8 9
2 3 16 5 6
1 4 17 10 11 12
18 0
3 2 12 13
1 2 14 1
2 2 14 2
3 2 12 3
2 2 17 4
2 2 17 5
2 2 15 6
2 2 15 7
3 2 13 8
3 2 16 9
1 2 16 10
1 2 16 11
3 4 0 3 14 17
3 4 0 8 15 16
1 3 12 1 2
2 3 13 6 7
1 4 13 9 10 11
2 3 12 4 5
29 0
2 3 20 21 22
2 2 26 1
2 2 26 2
2 2 26 3
3 2 27 4
2 2 27 5
2 2 26 6
2 2 27 7
2 2 23 8
3 2 23 9
1 2 23 10
3 2 24 11
2 2 24 12
2 2 24 13
3 2 25 14
2 2 25 15
2 2 24 16
3 2 28 17
1 2 28 18
1 2 22 19
2 3 0 26 27
3 4 0 23 24 25
1 3 0 19 28
3 4 21 9 10 8
2 5 21 12 13 11 16
3 3 21 14 15
2 5 20 1 2 3 6
2 4 20 4 5 7
3 3 22 17 18
18 0
2 2 12 13
2 2 17 1
2 2 15 2
2 2 15 3
3 2 13 4
3 2 12 5
2 2 17 6
2 2 14 7
1 2 14 8
3 2 16 9
1 2 16 10
1 2 16 11
2 4 0 5 14 17
3 4 0 4 15 16
2 3 12 7 8
2 3 13 2 3
1 4 13 9 10 11
2 3 12 1 6
31 0
3 3 22 23 24
2 2 28 1
3 2 29 2
3 2 29 3
2 2 27 4
3 2 27 5
3 2 28 6
1 2 28 7
1 2 27 8
2 2 29 9
3 2 26 10
3 2 25 11
2 2 25 12
3 2 25 13
3 2 26 14
3 2 26 15
1 2 26 16
3 2 30 17
1 2 30 18
1 2 24 19
1 2 25 20
2 2 25 21
3 4 0 27 28 29
3 3 0 25 26
1 3 0 19 30
3 6 23 13 20 12 11 21
3 5 23 15 16 10 14
3 4 22 5 8 4
3 4 22 6 7 1
3 4 22 3 9 2
3 3 24 17 18
20 0
2 3 12 13 14
2 2 16 1
2 2 16 2
3 2 17 3
3 2 15 4
2 2 18 5
3 2 18 6
3 2 19 7
1 2 19 8
1 2 14 9
1 2 15 10
1 2 17 11
2 3 0 16 17
3 3 0 15 18
1 3 0 9 19
3 3 13 4 10
2 3 12 1 2
3 3 12 3 11
2 3 13 5 6
3 3 14 7 8
21 0
2 3 14 15 16
1 2 19 1
3 2 19 2
2 2 14 3
3 2 18 4
2 2 18 5
3 2 18 6
2 2 17 7
2 2 17 8
3 2 17 9
2 2 14 10
3 2 20 11
1 2 20 12
1 2 16 13
2 4 0 10 3 19
2 3 0 17 18
1 3 0 13 20
2 4 15 7 8 9
3 4 15 4 5 6
1 3 14 1 2
3 3 16 11 12
20 0
2 3 12 13 14
2 2 16 1
2 2 16 2
3 2 17 3
3 2 18 4
2 2 18 5
3 2 15 6
1 2 15 7
3 2 19 8
1 2 19 9
1 2 14 10
1 2 17 11
2 3 0 16 17
3 3 0 15 18
1 3 0 10 19
3 3 13 6 7
2 3 12 1 2
3 3 12 3 11
3 3 13 4 5
3 3 14 8 9
19 0
2 3 12 13 14
2 2 15 1
2 2 15 2
3 2 12 3
3 2 16 4
3 2 17 5
2 2 12 6
1 2 17 7
1 2 16 8
3 2 18 9
1 2 18 10
1 2 14 11
2 4 0 6 3 15
3 3 0 16 17
1 3 0 11 18
2 3 12 1 2
3 3 13 4 8
3 3 13 5 7
3 3 14 9 10
31 0
3 3 21 22 23
2 2 29 1
3 2 29 2
3 2 26 3
2 2 26 4
3 2 30 5
3 2 23 6
2 2 27 7
3 2 27 8
2 2 24 9
3 2 24 10
3 2 25 11
2 2 25 12
3 2 27 13
2 2 30 14
1 2 25 15
1 2 24 16
1 2 26 17
3 2 28 18
1 2 28 19
1 2 28 20
3 4 0 26 28 29
3 4 0 24 25 27
3 3 0 6 30
3 4 22 10 16 9
3 4 22 11 15 12
3 4 21 3 17 4
3 4 22 7 8 13
1 4 21 18 19 20
2 3 21 1 2
3 3 23 5 14
21 0
2 3 13 14 15
1 2 16 1
2 2 16 2
2 2 16 3
3 2 18 4
2 2 18 5
2 2 17 6
2 2 17 7
2 2 19 8
3 2 19 9
3 2 20 10
1 2 20 11
1 2 15 12
2 3 0 16 18
2 3 0 17 19
1 3 0 12 20
2 4 13 1 2 3
2 3 14 6 7
3 3 13 4 5
2 3 14 8 9
3 3 15 10 11
20 0
2 3 12 13 14
2 2 16 1
2 2 16 2
3 2 17 3
3 2 18 4
2 2 18 5
3 2 15 6
1 2 15 7
3 2 19 8
1 2 19 9
1 2 14 10
1 2 17 11
2 3 0 16 17
3 3 0 15 18
1 3 0 10 19
3 3 13 6 7
2 3 12 1 2
3 3 12 3 11
3 3 13 4 5
3 3 14 8 9
21 0
2 3 14 15 16
1 2 19 1
3 2 19 2
2 2 14 3
3 2 18 4
2 2 18 5
3 2 18 6
2 2 17 7
2 2 17 8
3 2 17 9
2 2 14 10
3 2 20 11
1 2 20 12
1 2 16 13
2 4 0 10 3 19
2 3 0 17 18
1 3 0 13 20
2 4 15 7 8 9
3 4 15 4 5 6
1 3 14 1 2
3 3 16 11 12
22 0
1 3 14 15 16
1 2 19 1
3 2 19 2
3 2 18 3
2 2 18 4
3 2 18 5
2 2 17 6
2 2 17 7
3 2 17 8
2 2 20 9
2 2 20 10
3 2 21 11
1 2 21 12
1 2 16 13
1 3 0 19 20
2 3 0 17 18
1 3 0 13 21
2 4 15 6 7 8
3 4 15 3 4 5
1 3 14 1 2
2 3 14 9 10
3 3 16 11 12
21 0
2 3 13 14 15
1 2 17 1
3 2 17 2
2 2 18 3
2 2 18 4
3 2 15 5
3 2 20 6
2 2 20 7
2 2 16 8
1 2 16 9
3 2 19 10
1 2 19 11
1 2 19 12
2 3 0 16 20
1 3 0 17 18
3 3 0 5 19
2 3 13 8 9
1 3 14 1 2
2 3 14 3 4
1 4 15 10 11 12
3 3 13 6 7
19 0
1 2 14 16
2 2 13 1
2 2 13 2
3 2 15 3
3 2 15 4
2 2 18 5
3 2 18 6
2 2 18 7
3 2 17 8
1 2 17 9
1 2 17 10
2 2 13 11
2 2 13 12
2 5 16 1 2 12 11
1 3 0 17 18
3 3 16 3 4
2 3 0 13 15
1 4 14 8 9 10
2 4 14 5 6 7
23 0
3 3 15 16 17
1 2 18 1
2 2 18 2
3 2 15 3
2 2 19 4
2 2 19 5
3 2 17 6
2 2 21 7
3 2 21 8
3 2 20 9
1 2 20 10
1 2 20 11
3 2 22 12
1 2 22 13
1 2 22 14
3 4 0 3 18 19
1 3 0 20 21
3 3 0 6 22
1 3 15 1 2
2 3 15 4 5
1 4 16 9 10 11
2 3 16 7 8
1 4 17 12 13 14
19 0
3 3 4 13 14
2 2 15 1
2 2 15 2
3 2 15 3
3 2 0 4
2 2 18 5
3 2 18 6
3 2 17 7
1 2 17 8
1 2 17 9
2 2 16 10
2 2 16 11
2 2 16 12
2 3 0 15 16
1 3 0 17 18
2 4 13 1 2 3
2 4 13 10 11 12
1 4 14 7 8 9
2 3 14 5 6
23 0
3 3 15 16 17
2 2 21 1
3 2 21 2
2 2 20 3
3 2 20 4
3 2 18 5
3 2 16 6
3 2 19 7
1 2 19 8
1 2 19 9
1 2 18 10
1 2 20 11
3 2 22 12
1 2 22 13
1 2 17 14
3 3 0 20 21
3 4 0 6 18 19
1 3 0 14 22
3 3 16 5 10
1 4 16 7 8 9
3 4 15 4 11 3
2 3 15 1 2
3 3 17 12 13
18 0
1 3 7 12 13
1 2 14 1
2 2 14 2
3 2 16 3
2 2 16 4
2 2 17 5
3 2 17 6
2 2 0 7
2 2 16 8
3 2 15 9
1 2 15 10
1 2 15 11
1 3 0 14 16
1 3 0 15 17
1 3 12 1 2
1 4 13 9 10 11
2 4 12 3 8 4
2 3 13 5 6
33 0
3 3 23 24 25
2 2 27 1
3 2 30 2
3 2 30 3
2 2 26 4
3 2 26 5
3 2 27 6
1 2 27 7
1 2 26 8
2 2 30 9
3 2 24 10
3 2 28 11
3 2 28 12
3 2 24 13
3 2 31 14
3 2 32 15
1 2 32 16
1 2 31 17
3 2 29 18
1 2 29 19
1 2 29 20
1 2 28 21
2 2 28 22
3 4 0 26 27 30
3 5 0 10 13 28 29
3 3 0 31 32
3 4 23 5 8 4
3 4 23 6 7 1
3 5 24 12 21 11 22
1 4 24 18 19 20
3 4 23 3 9 2
3 3 25 14 17
3 3 25 15 16
33 0
1 4 23 24 25 26
2 2 27 1
2 2 27 2
3 2 27 3
2 2 27 4
2 2 28 5
3 2 28 6
2 2 28 7
2 2 28 8
3 2 29 9
1 2 29 10
3 2 29 11
2 2 30 12
2 2 30 13
3 2 30 14
2 2 30 15
2 2 29 16
3 2 31 17
1 2 31 18
1 2 25 19
3 2 32 20
1 2 32 21
1 2 26 22
2 3 0 27 28
3 3 0 29 30
1 3 0 19 31
1 3 0 22 32
2 5 23 1 2 3 4
2 5 23 7 8 6 5
3 5 24 9 10 11 16
2 5 24 12 13 14 15
3 3 25 17 18
3 3 26 20 21
18 0
2 2 12 13
2 2 16 1
2 2 16 2
3 2 17 3
3 2 13 4
3 2 14 5
2 2 16 6
1 2 14 7
3 2 15 8
1 2 15 9
1 2 15 10
1 2 17 11
2 3 0 16 17
3 4 0 4 14 15
3 3 13 5 7
1 4 13 8 9 10
2 4 12 1 2 6
3 3 12 3 11
20 0
2 3 12 13 14
2 2 16 1
2 2 16 2
3 2 17 3
3 2 18 4
2 2 18 5
3 2 15 6
1 2 15 7
3 2 19 8
1 2 19 9
1 2 14 10
1 2 17 11
2 3 0 16 17
3 3 0 15 18
1 3 0 10 19
3 3 13 6 7
2 3 12 1 2
3 3 12 3 11
3 3 13 4 5
3 3 14 8 9
22 0
2 3 15 16 17
1 2 19 1
3 2 19 2
2 2 19 3
2 2 15 4
3 2 20 5
2 2 18 6
2 2 18 7
2 2 18 8
3 2 20 9
3 2 20 10
2 2 15 11
3 2 21 12
1 2 21 13
1 2 17 14
2 4 0 11 4 19
2 3 0 18 20
1 3 0 14 21
2 4 16 6 7 8
1 4 15 1 2 3
3 4 16 5 10 9
3 3 17 12 13
22 0
3 3 14 15 16
2 2 17 1
2 2 17 2
3 2 14 3
3 2 20 4
2 2 20 5
3 2 19 6
1 2 19 7
3 2 21 8
1 2 21 9
1 2 16 10
3 2 18 11
1 2 18 12
1 2 18 13
3 4 0 3 17 18
3 3 0 19 20
1 3 0 10 21
2 3 14 1 2
1 4 14 11 13 12
3 3 15 6 7
3 3 15 4 5
3 3 16 8 9
19 0
3 3 4 13 14
2 2 15 1
2 2 15 2
3 2 15 3
3 2 0 4
2 2 18 5
3 2 18 6
3 2 17 7
1 2 17 8
1 2 17 9
2 2 16 10
2 2 16 11
2 2 16 12
2 3 0 15 16
1 3 0 17 18
2 4 13 1 2 3
2 4 13 10 11 12
1 4 14 7 8 9
2 3 14 5 6
25 0
2 3 17 18 19
2 2 20 1
2 2 20 2
2 2 20 3
3 2 22 4
2 2 22 5
3 2 23 6
2 2 21 7
2 2 21 8
3 2 21 9
2 2 21 10
3 2 23 11
3 2 22 12
2 2 20 13
3 2 24 14
1 2 24 15
1 2 19 16
2 3 0 20 22
2 3 0 21 23
1 3 0 16 24
2 5 17 1 2 3 13
2 5 18 7 8 9 10
3 4 17 4 5 12
3 3 18 6 11
3 3 19 14 15
22 0
2 3 14 15 16
2 2 19 1
2 2 19 2
3 2 18 3
2 2 18 4
3 2 18 5
2 2 17 6
2 2 17 7
3 2 17 8
2 2 20 9
2 2 20 10
3 2 21 11
1 2 21 12
1 2 16 13
2 3 0 19 20
2 3 0 17 18
1 3 0 13 21
2 4 15 6 7 8
3 4 15 3 4 5
2 3 14 1 2
2 3 14 9 10
3 3 16 11 12
22 0
2 3 14 16 18
2 2 19 1
2 2 19 2
3 2 17 3
2 2 15 4
2 2 15 5
2 2 15 6
2 2 15 7
3 2 17 8
3 2 20 9
2 2 20 10
3 2 21 11
1 2 21 12
1 2 16 13
2 3 0 19 20
2 5 18 4 5 6 7
1 3 0 13 21
3 3 18 3 8
2 3 0 15 17
2 3 14 1 2
3 3 14 9 10
3 3 16 11 12
21 0
2 3 14 15 16
2 2 19 1
2 2 19 2
2 2 14 3
3 2 18 4
2 2 18 5
3 2 18 6
2 2 17 7
2 2 17 8
3 2 17 9
2 2 14 10
3 2 20 11
1 2 20 12
1 2 16 13
2 4 0 10 3 19
2 3 0 17 18
1 3 0 13 20
2 4 15 7 8 9
3 4 15 4 5 6
2 3 14 1 2
3 3 16 11 12
23 0
1 3 15 16 17
1 2 20 1
3 2 20 2
2 2 20 3
3 2 19 4
2 2 18 5
2 2 18 6
2 2 18 7
2 2 19 8
3 2 19 9
2 2 21 10
3 2 21 11
3 2 22 12
1 2 22 13
1 2 17 14
1 3 0 20 21
2 3 0 18 19
1 3 0 14 22
2 4 16 5 6 7
3 4 16 8 9 4
1 4 15 1 2 3
2 3 15 10 11
3 3 17 12 13
24 0
2 3 16 17 18
2 2 21 1
2 2 21 2
2 2 21 3
3 2 22 4
2 2 22 5
2 2 22 6
3 2 20 7
2 2 19 8
2 2 19 9
3 2 19 10
2 2 20 11
2 2 20 12
3 2 23 13
1 2 23 14
1 2 18 15
2 3 0 21 22
2 3 0 19 20
1 3 0 15 23
2 4 17 8 9 10
2 4 17 11 12 7
2 4 16 1 2 3
2 4 16 5 6 4
3 3 18 13 14
24 0
1 3 16 17 18
1 2 20 1
2 2 20 2
3 2 22 3
2 2 22 4
3 2 21 5
2 2 19 6
2 2 19 7
2 2 19 8
2 2 21 9
3 2 21 10
3 2 18 11
2 2 22 12
3 2 23 13
1 2 23 14
1 2 23 15
1 3 0 20 22
2 3 0 19 21
3 3 0 11 23
2 4 17 6 7 8
1 3 16 1 2
3 4 17 9 10 5
2 4 16 3 4 12
1 4 18 13 14 15
22 0
2 3 14 16 18
2 2 19 1
2 2 19 2
3 2 17 3
3 2 17 4
2 2 15 5
2 2 15 6
2 2 15 7
2 2 15 8
3 2 20 9
2 2 20 10
3 2 21 11
1 2 21 12
1 2 16 13
2 3 0 19 20
2 5 18 5 6 7 8
1 3 0 13 21
3 3 18 3 4
2 3 0 15 17
2 3 14 1 2
3 3 14 9 10
3 3 16 11 12
22 0
2 3 15 16 18
2 2 14 1
2 2 14 2
2 2 14 3
3 2 17 4
3 2 17 5
2 2 14 6
2 2 19 7
2 2 19 8
2 2 20 9
3 2 20 10
3 2 21 11
1 2 21 12
1 2 16 13
2 5 18 1 2 3 6
2 3 0 19 20
1 3 0 13 21
3 3 18 4 5
2 3 0 14 17
2 3 15 7 8
2 3 15 9 10
3 3 16 11 12
21 0
2 3 14 15 16
1 2 19 1
3 2 19 2
2 2 14 3
3 2 18 4
2 2 18 5
3 2 18 6
2 2 17 7
2 2 17 8
3 2 17 9
2 2 14 10
3 2 20 11
1 2 20 12
1 2 16 13
2 4 0 10 3 19
2 3 0 17 18
1 3 0 13 20
2 4 15 7 8 9
3 4 15 4 5 6
1 3 14 1 2
3 3 16 11 12
23 0
3 3 15 16 17
1 2 20 1
3 2 20 2
3 2 19 3
2 2 18 4
2 2 18 5
2 2 18 6
2 2 19 7
3 2 19 8
2 2 21 9
2 2 21 10
3 2 15 11
3 2 22 12
1 2 22 13
1 2 17 14
3 4 0 11 20 21
2 3 0 18 19
1 3 0 14 22
2 4 16 4 5 6
3 4 16 7 8 3
1 3 15 1 2
2 3 15 9 10
3 3 17 12 13
20 0
2 3 12 13 14
2 2 16 1
2 2 16 2
3 2 17 3
3 2 18 4
2 2 18 5
3 2 15 6
1 2 15 7
3 2 19 8
1 2 19 9
1 2 14 10
1 2 17 11
2 3 0 16 17
3 3 0 15 18
1 3 0 10 19
3 3 13 6 7
2 3 12 1 2
3 3 12 3 11
3 3 13 4 5
3 3 14 8 9
20 0
2 3 12 13 14
2 2 16 1
2 2 16 2
3 2 17 3
3 2 15 4
2 2 18 5
3 2 18 6
3 2 19 7
1 2 19 8
1 2 14 9
1 2 15 10
1 2 17 11
2 3 0 16 17
3 3 0 15 18
1 3 0 9 19
3 3 13 4 10
2 3 12 1 2
3 3 12 3 11
2 3 13 5 6
3 3 14 7 8
26 0
1 3 17 18 19
2 2 20 1
2 2 20 2
2 2 20 3
3 2 21 4
3 2 21 5
2 2 21 6
2 2 24 7
3 2 24 8
2 2 25 9
3 2 25 10
3 2 22 11
1 2 22 12
1 2 22 13
3 2 23 14
1 2 23 15
1 2 23 16
2 3 0 20 21
1 3 0 22 25
1 3 0 23 24
2 4 17 1 2 3
3 4 17 5 6 4
1 4 18 11 12 13
1 4 19 14 15 16
2 3 19 7 8
2 3 18 9 10
25 0
2 3 17 18 19
2 2 22 1
2 2 22 2
3 2 23 3
2 2 23 4
3 2 23 5
2 2 22 6
3 2 24 7
1 2 24 8
1 2 18 9
3 2 20 10
2 2 20 11
2 2 20 12
3 2 21 13
2 2 21 14
2 2 20 15
1 2 21 16
2 3 0 22 23
1 3 0 9 24
2 3 0 20 21
2 5 19 11 12 10 15
3 4 19 13 16 14
2 4 17 1 2 6
3 4 17 3 4 5
3 3 18 7 8
23 0
2 3 15 16 17
2 2 18 1
2 2 18 2
3 2 18 3
3 2 19 4
2 2 19 5
3 2 19 6
3 2 22 7
1 2 22 8
1 2 16 9
3 2 20 10
1 2 20 11
3 2 21 12
1 2 21 13
2 2 18 14
2 3 0 18 19
1 3 0 9 22
3 3 0 20 21
2 5 15 1 2 3 14
3 4 15 4 5 6
3 3 17 10 11
3 3 17 12 13
3 3 16 7 8
25 0
2 3 17 18 19
2 2 22 1
2 2 22 2
2 2 22 3
3 2 23 4
3 2 23 5
2 2 23 6
3 2 18 7
2 2 20 8
2 2 20 9
2 2 20 10
3 2 21 11
2 2 21 12
1 2 21 13
3 2 24 14
1 2 24 15
1 2 19 16
2 3 0 22 23
3 4 0 7 20 21
1 3 0 16 24
2 4 18 8 9 10
3 4 18 11 13 12
2 4 17 1 2 3
3 4 17 5 6 4
3 3 19 14 15
17 0
2 3 11 12 13
2 2 14 1
2 2 14 2
2 2 11 3
3 2 15 4
3 2 12 5
2 2 11 6
3 2 16 7
1 2 16 8
1 2 13 9
1 2 15 10
2 4 0 3 6 14
3 3 0 5 15
1 3 0 9 16
2 3 11 1 2
3 3 12 4 10
3 3 13 7 8
25 0
2 3 17 18 19
2 2 20 1
2 2 20 2
2 2 20 3
3 2 21 4
3 2 21 5
2 2 20 6
3 2 23 7
2 2 22 8
2 2 22 9
2 2 22 10
3 2 23 11
2 2 23 12
3 2 24 13
1 2 24 14
1 2 19 15
1 2 21 16
2 3 0 20 21
2 3 0 22 23
1 3 0 15 24
2 5 17 1 2 3 6
3 4 17 4 16 5
2 4 18 8 9 10
3 4 18 7 12 11
3 3 19 13 14
25 0
2 3 17 18 19
1 2 20 1
3 2 20 2
2 2 20 3
2 2 20 4
2 2 21 5
2 2 21 6
3 2 21 7
3 2 22 8
2 2 22 9
2 2 22 10
3 2 23 11
2 2 23 12
2 2 23 13
3 2 24 14
1 2 24 15
1 2 19 16
2 3 0 20 21
2 3 0 22 23
1 3 0 16 24
2 5 17 1 2 3 4
2 4 17 5 6 7
2 4 18 9 10 8
2 4 18 12 13 11
3 3 19 14 15
25 0
3 3 17 18 19
1 2 20 1
3 2 20 2
2 2 20 3
3 2 21 4
2 2 21 5
2 2 21 6
3 2 17 7
3 2 24 8
1 2 24 9
1 2 18 10
3 2 23 11
2 2 22 12
2 2 22 13
2 2 22 14
2 2 23 15
2 2 23 16
3 4 0 7 20 21
1 3 0 10 24
2 3 0 22 23
1 4 17 1 2 3
2 4 17 5 6 4
2 4 19 12 13 14
2 4 19 15 16 11
3 3 18 8 9
18 0
1 3 7 12 13
1 2 14 1
2 2 14 2
3 2 16 3
2 2 16 4
2 2 17 5
3 2 17 6
2 2 0 7
2 2 16 8
3 2 15 9
1 2 15 10
1 2 15 11
1 3 0 14 16
1 3 0 15 17
1 3 12 1 2
1 4 13 9 10 11
2 4 12 3 8 4
2 3 13 5 6
21 0
1 3 13 14 15
1 2 16 1
3 2 16 2
1 2 16 3
3 2 18 4
2 2 17 5
2 2 17 6
3 2 19 7
2 2 19 8
2 2 18 9
3 2 20 10
1 2 20 11
1 2 15 12
1 3 0 16 18
2 3 0 17 19
1 3 0 12 20
1 4 13 1 2 3
2 3 14 5 6
3 3 13 4 9
3 3 14 7 8
3 3 15 10 11
22 0
2 3 15 16 18
1 2 14 1
3 2 14 2
3 2 17 3
3 2 17 4
2 2 19 5
2 2 19 6
2 2 20 7
3 2 20 8
3 2 21 9
1 2 21 10
1 2 16 11
2 2 14 12
2 2 14 13
2 5 18 1 2 13 12
2 3 0 19 20
1 3 0 11 21
3 3 18 3 4
2 3 0 14 17
2 3 15 5 6
2 3 15 7 8
3 3 16 9 10
22 0
2 3 14 16 18
2 2 19 1
2 2 19 2
3 2 17 3
2 2 15 4
2 2 15 5
2 2 15 6
2 2 15 7
3 2 17 8
3 2 20 9
2 2 20 10
3 2 21 11
1 2 21 12
1 2 16 13
2 3 0 19 20
2 5 18 4 5 6 7
1 3 0 13 21
3 3 18 3 8
2 3 0 15 17
2 3 14 1 2
3 3 14 9 10
3 3 16 11 12
21 0
2 3 13 14 15
2 2 17 1
2 2 17 2
3 2 18 3
2 2 16 4
2 2 16 5
2 2 16 6
3 2 18 7
2 2 19 8
3 2 19 9
3 2 20 10
1 2 20 11
1 2 15 12
2 3 0 17 19
2 3 0 16 18
1 3 0 12 20
2 4 14 4 5 6
2 3 13 1 2
3 3 14 3 7
2 3 13 8 9
3 3 15 10 11
