188
39 2
3 2 25 34
2 2 29 1
2 2 29 2
3 2 30 3
2 2 30 4
2 2 30 5
3 2 36 6
3 2 36 7
2 2 33 8
2 2 33 9
3 2 27 10
3 2 36 11
3 2 32 12
3 2 32 13
2 2 29 14
3 2 38 15
3 2 35 16
2 2 35 17
2 2 37 18
2 2 37 19
2 2 38 20
3 2 31 21
1 2 31 22
1 2 31 23
2 4 34 29 30 32
3 3 0 27 28
1 3 34 31 36
3 4 25 10 33 35
2 3 25 37 38
2 4 24 1 2 14
2 4 24 4 5 3
1 4 26 21 22 23
3 3 24 12 13
2 3 27 8 9
2 3 0 24 26
3 3 27 16 17
3 4 26 6 7 11
2 3 28 18 19
3 3 28 15 20
47 2
1 3 27 28 29
2 2 35 1
3 2 41 2
2 2 41 3
3 2 36 4
3 2 35 5
3 2 35 6
3 2 38 7
1 2 38 8
3 2 40 9
3 2 39 10
3 2 42 11
2 2 42 12
3 2 37 13
2 2 40 14
3 2 43 15
1 2 43 16
1 2 31 17
3 2 44 18
1 2 44 19
1 2 32 20
3 2 45 21
1 2 45 22
1 2 33 23
3 2 46 24
1 2 34 25
1 2 46 26
3 3 0 30 39
1 4 0 31 32 37
1 4 0 33 34 36
3 3 27 38 40
1 3 28 17 43
1 3 28 20 44
1 3 29 23 45
1 3 29 25 46
3 4 39 1 6 5
3 3 29 4 41
3 3 28 13 42
3 3 30 7 8
3 3 27 10 35
3 3 30 9 14
3 3 36 2 3
3 3 37 11 12
3 3 31 15 16
3 3 32 18 19
3 3 33 21 22
3 3 34 24 26
33 2
2 2 24 29
2 2 26 1
2 2 26 2
3 2 27 3
2 2 27 4
2 2 27 5
3 2 30 6
2 2 28 7
3 2 28 8
2 2 28 9
3 2 25 10
3 2 30 11
3 2 31 12
3 2 31 13
2 2 26 14
2 2 25 15
2 2 25 16
3 2 32 17
1 2 32 18
1 2 22 19
2 3 24 26 27
2 3 29 25 28
1 3 29 19 32
3 3 24 30 31
2 3 0 20 23
2 4 21 15 16 10
2 4 20 1 2 14
2 4 20 4 5 3
2 4 21 7 8 9
2 3 0 21 22
3 3 23 6 11
3 3 23 12 13
3 3 22 17 18
39 2
2 3 25 26 32
2 2 30 1
2 2 30 2
3 2 31 3
2 2 31 4
2 2 31 5
3 2 27 6
2 2 36 7
2 2 36 8
3 2 37 9
3 2 37 10
3 2 27 11
3 2 34 12
3 2 34 13
2 2 30 14
3 2 33 15
3 2 33 16
2 2 29 17
2 2 29 18
2 2 29 19
2 2 29 20
3 2 38 21
1 2 38 22
1 2 26 23
2 4 32 30 31 34
2 3 0 28 35
1 3 0 23 38
3 3 32 6 11
2 3 25 36 37
2 5 35 17 18 19 20
2 4 24 1 2 14
2 4 24 4 5 3
2 3 0 24 27
3 3 35 15 16
3 3 24 12 13
2 3 25 29 33
2 3 28 7 8
3 3 28 9 10
3 3 26 21 22
30 2
2 2 18 28
2 2 25 1
2 2 25 2
3 2 29 3
2 2 29 4
3 2 20 5
3 2 24 6
2 2 22 7
2 2 22 8
2 2 22 9
2 2 24 10
3 2 24 11
3 2 23 12
2 2 26 13
2 2 26 14
3 2 27 15
1 2 27 16
1 2 27 17
2 3 0 21 23
2 3 28 22 24
3 3 28 5 27
2 3 18 25 26
2 4 19 7 8 9
3 3 18 12 29
3 4 19 10 11 6
2 3 21 1 2
2 3 21 13 14
1 4 20 15 16 17
2 3 0 19 20
3 3 23 3 4
34 2
3 3 21 23 27
2 2 25 1
2 2 25 2
3 2 26 3
2 2 31 4
2 2 31 5
3 2 24 6
2 2 28 7
2 2 28 8
3 2 28 9
3 2 22 10
3 2 24 11
3 2 30 12
3 2 30 13
2 2 25 14
2 2 29 15
3 2 29 16
1 2 29 17
3 2 33 18
1 2 33 19
1 2 23 20
3 3 0 26 32
3 4 27 10 28 29
1 3 0 20 33
3 3 27 6 11
2 4 32 1 2 14
3 3 21 3 31
3 3 0 22 24
2 4 22 7 8 9
3 4 22 16 17 15
3 3 32 12 13
2 3 26 4 5
2 3 21 25 30
3 3 23 18 19
40 2
1 3 29 31 37
2 2 32 1
2 2 32 2
2 2 32 3
3 2 34 4
3 2 26 5
2 2 32 6
3 2 30 7
2 2 35 8
3 2 35 9
2 2 35 10
3 2 36 11
3 2 30 12
3 2 34 13
2 2 34 14
3 2 28 15
3 2 36 16
3 2 33 17
1 2 33 18
1 2 33 19
3 2 38 20
1 2 38 21
1 2 38 22
3 2 39 23
1 2 39 24
1 2 29 25
3 4 37 5 32 34
1 4 31 33 35 36
3 3 37 15 38
1 3 0 25 39
3 3 31 7 12
1 3 0 27 30
2 5 26 1 2 3 6
1 4 27 17 18 19
3 4 26 13 14 4
2 4 27 8 9 10
3 3 27 11 16
3 3 0 26 28
1 4 28 20 21 22
3 3 29 23 24
33 2
2 3 20 22 24
2 2 30 1
2 2 30 2
2 2 27 3
3 2 28 4
3 2 29 5
2 2 29 6
3 2 31 7
2 2 25 8
2 2 25 9
2 2 25 10
3 2 21 11
3 2 31 12
3 2 23 13
2 2 26 14
2 2 26 15
3 2 26 16
3 2 32 17
1 2 32 18
1 2 22 19
2 3 0 27 28
2 4 24 11 25 26
1 3 0 19 32
3 3 24 13 31
2 3 0 21 23
2 4 21 8 9 10
2 4 21 14 15 16
2 3 20 3 30
3 3 20 4 29
3 3 28 5 6
2 3 27 1 2
3 3 23 7 12
3 3 22 17 18
44 2
2 3 29 32 37
2 2 40 1
2 2 40 2
3 2 42 3
2 2 42 4
2 2 38 5
3 2 38 6
3 2 30 7
2 2 33 8
2 2 33 9
3 2 33 10
3 2 38 11
3 2 41 12
3 2 39 13
3 2 31 14
2 2 35 15
2 2 35 16
3 2 35 17
3 2 39 18
3 2 33 19
2 2 33 20
2 2 30 21
3 2 31 22
3 2 36 23
1 2 36 24
1 2 36 25
3 2 43 26
1 2 43 27
1 2 32 28
2 3 0 34 41
2 5 37 21 7 33 39
3 5 37 14 22 35 36
1 3 0 28 43
2 6 30 8 9 10 19 20
2 3 29 40 42
2 4 31 15 16 17
1 4 31 23 24 25
2 3 0 30 31
3 4 41 5 6 11
3 3 30 13 18
2 3 34 1 2
3 3 29 12 38
3 3 34 3 4
3 3 32 26 27
31 2
1 3 18 19 20
1 2 25 1
3 2 25 2
2 2 26 3
2 2 26 4
3 2 24 5
3 2 29 6
2 2 29 7
2 2 23 8
3 2 23 9
3 2 21 10
2 2 27 11
2 2 27 12
3 2 28 13
2 2 23 14
3 2 30 15
1 2 30 16
1 2 20 17
1 3 0 22 24
3 3 0 21 28
1 3 0 17 30
3 3 19 10 27
1 3 18 25 26
2 4 28 8 9 14
3 3 18 5 29
1 3 22 1 2
2 3 22 3 4
2 3 21 11 12
3 3 19 13 23
3 3 24 6 7
3 3 20 15 16
28 2
2 3 16 17 18
2 2 25 1
2 2 25 2
3 2 19 3
2 2 23 4
2 2 23 5
3 2 26 6
3 2 26 7
3 2 22 8
3 2 21 9
2 2 20 10
2 2 24 11
2 2 24 12
3 2 27 13
1 2 27 14
1 2 18 15
2 3 0 20 21
3 3 0 19 22
1 3 0 15 27
3 3 17 3 23
2 3 16 10 25
3 3 16 9 24
3 3 17 8 26
2 3 19 4 5
2 3 21 11 12
2 3 20 1 2
3 3 22 6 7
3 3 18 13 14
21 2
1 2 14 17
2 2 15 1
2 2 15 2
3 2 15 3
3 2 17 4
2 2 19 5
3 2 19 6
3 2 20 7
1 2 20 8
1 2 18 9
2 2 16 10
2 2 16 11
2 2 16 12
2 3 17 15 16
1 3 0 18 19
2 4 13 1 2 3
2 4 13 10 11 12
3 3 0 4 13
1 3 14 9 20
2 3 14 5 6
3 3 18 7 8
36 2
2 3 26 31 32
2 2 28 1
2 2 28 2
3 2 30 3
2 2 30 4
3 2 30 5
2 2 28 6
3 2 33 7
1 2 33 8
1 2 23 9
3 2 27 10
2 2 27 11
2 2 27 12
3 2 29 13
2 2 29 14
3 2 29 15
3 2 34 16
1 2 34 17
1 2 25 18
3 2 35 19
1 2 35 20
1 2 26 21
2 3 31 28 30
1 3 31 9 33
2 3 32 27 29
1 3 32 18 34
1 3 0 21 35
2 4 24 11 12 10
2 4 22 1 2 6
3 4 24 13 14 15
3 4 22 3 4 5
2 3 0 22 23
2 3 0 24 25
3 3 23 7 8
3 3 25 16 17
3 3 26 19 20
41 2
2 3 24 25 26
2 2 35 1
2 2 35 2
3 2 39 3
3 2 38 4
3 2 33 5
2 2 30 6
3 2 30 7
3 2 39 8
3 2 32 9
3 2 36 10
2 2 36 11
2 2 24 12
3 2 34 13
3 2 28 14
2 2 37 15
2 2 37 16
3 2 29 17
1 2 29 18
1 2 29 19
2 2 40 20
2 2 40 21
2 2 31 22
2 2 38 23
2 4 0 12 27 32
3 4 0 28 30 34
2 3 0 31 33
2 3 24 35 36
3 3 25 14 37
1 4 34 17 18 19
2 3 25 6 7
2 3 26 22 40
3 3 24 9 39
3 3 26 5 38
3 3 25 13 29
2 3 27 1 2
3 3 27 10 11
2 3 28 15 16
3 3 33 4 23
3 3 32 3 8
2 3 31 20 21
29 2
2 2 18 27
2 2 25 1
2 2 25 2
2 2 21 3
3 2 23 4
3 2 28 5
2 2 21 6
2 2 28 7
3 2 20 8
3 2 24 9
3 2 24 10
2 2 22 11
2 2 22 12
2 2 22 13
2 2 24 14
3 2 26 15
1 2 26 16
1 2 26 17
2 3 0 21 23
2 3 27 22 24
3 3 27 8 26
2 4 18 3 6 25
2 4 19 11 12 13
3 3 18 4 28
3 4 19 9 14 10
2 3 21 1 2
1 4 20 15 16 17
2 3 0 19 20
3 3 23 5 7
41 2
3 3 28 31 37
2 2 33 1
2 2 33 2
2 2 33 3
3 2 36 4
3 2 36 5
2 2 33 6
3 2 30 7
2 2 34 8
3 2 34 9
2 2 34 10
3 2 35 11
3 2 30 12
3 2 36 13
3 2 28 14
3 2 35 15
2 2 35 16
3 2 32 17
1 2 32 18
1 2 32 19
3 2 39 20
1 2 39 21
1 2 38 22
3 2 40 23
1 2 40 24
1 2 29 25
2 3 31 33 36
1 4 37 32 34 35
3 3 0 14 38
1 3 37 25 40
3 3 31 7 12
2 3 0 26 30
1 4 27 17 18 19
2 5 26 1 2 3 6
2 4 27 8 9 10
3 4 27 11 16 15
3 4 26 4 5 13
1 3 0 27 29
1 3 28 22 39
3 3 38 20 21
3 3 29 23 24
34 2
2 2 22 31
2 2 32 1
2 2 32 2
2 2 25 3
3 2 33 4
3 2 26 5
2 2 25 6
2 2 26 7
2 2 26 8
3 2 29 9
3 2 29 10
2 2 29 11
3 2 24 12
3 2 30 13
3 2 30 14
2 2 28 15
2 2 28 16
2 2 28 17
2 2 30 18
3 2 27 19
1 2 27 20
1 2 27 21
2 3 0 25 33
2 3 31 28 30
3 4 31 12 27 29
2 4 22 3 6 32
2 4 33 7 8 5
1 4 24 19 20 21
2 4 23 15 16 17
3 4 24 10 11 9
3 4 23 13 18 14
2 3 0 23 24
2 3 25 1 2
3 3 22 4 26
33 2
2 2 24 29
2 2 26 1
2 2 26 2
3 2 27 3
2 2 27 4
2 2 27 5
3 2 30 6
2 2 28 7
3 2 28 8
2 2 28 9
3 2 25 10
3 2 30 11
3 2 31 12
3 2 31 13
2 2 26 14
2 2 25 15
2 2 25 16
3 2 32 17
1 2 32 18
1 2 22 19
2 3 24 26 27
2 3 29 25 28
1 3 29 19 32
3 3 24 30 31
2 3 0 20 23
2 4 21 15 16 10
2 4 20 1 2 14
2 4 20 4 5 3
2 4 21 7 8 9
2 3 0 21 22
3 3 23 6 11
3 3 23 12 13
3 3 22 17 18
33 2
3 2 23 30
2 2 24 1
2 2 24 2
3 2 28 3
3 2 29 4
3 2 29 5
2 2 24 6
3 2 27 7
1 2 27 8
1 2 27 9
2 2 29 10
3 2 25 11
2 2 32 12
2 2 32 13
3 2 31 14
2 2 28 15
3 2 28 16
2 2 28 17
3 2 26 18
1 2 26 19
1 2 26 20
2 3 30 24 28
1 3 30 27 29
3 3 0 25 31
2 4 21 1 2 6
3 3 23 11 32
1 4 31 18 19 20
1 4 22 7 8 9
3 5 21 3 17 16 15
3 4 22 4 10 5
2 3 0 21 22
3 3 23 14 26
2 3 25 12 13
37 2
1 4 24 25 26 31
2 2 28 1
2 2 28 2
3 2 29 3
2 2 29 4
3 2 29 5
2 2 28 6
3 2 34 7
1 2 34 8
1 2 23 9
3 2 33 10
2 2 32 11
2 2 32 12
3 2 30 13
3 2 30 14
2 2 33 15
3 2 35 16
1 2 35 17
1 2 25 18
3 2 36 19
1 2 36 20
1 2 26 21
2 3 31 28 29
1 3 31 9 34
2 3 0 27 30
1 3 0 18 35
1 3 0 21 36
2 3 24 32 33
2 4 22 1 2 6
3 4 22 3 4 5
3 3 24 13 14
2 3 0 22 23
2 3 27 11 12
3 3 27 10 15
3 3 23 7 8
3 3 25 16 17
3 3 26 19 20
27 2
3 3 16 17 18
2 2 19 1
2 2 19 2
3 2 21 3
3 2 22 4
3 2 22 5
2 2 24 6
2 2 24 7
3 2 20 8
3 2 23 9
2 2 19 10
3 2 26 11
1 2 26 12
1 2 17 13
2 2 25 14
2 2 25 15
3 3 0 20 23
1 3 0 13 26
3 3 0 21 22
2 4 23 1 2 10
3 3 16 8 24
3 3 18 3 25
3 3 18 4 5
3 3 16 9 19
2 3 20 6 7
2 3 21 14 15
3 3 17 11 12
34 2
3 2 22 29
2 2 24 1
2 2 24 2
3 2 28 3
2 2 30 4
2 2 30 5
3 2 25 6
3 2 26 7
3 2 28 8
3 2 28 9
3 2 24 10
2 2 24 11
2 2 21 12
3 2 31 13
3 2 23 14
2 2 32 15
2 2 32 16
1 2 31 17
3 2 33 18
1 2 33 19
1 2 27 20
2 4 29 12 24 28
3 4 0 25 26 27
3 3 29 14 31
2 5 21 1 2 10 11
3 3 22 6 30
3 3 22 7 32
1 3 22 20 33
3 4 21 3 8 9
2 3 0 21 23
2 3 25 4 5
3 3 23 13 17
2 3 26 15 16
3 3 27 18 19
36 2
2 2 24 32
2 2 26 1
2 2 26 2
3 2 29 3
2 2 29 4
3 2 31 5
2 2 31 6
3 2 31 7
3 2 29 8
3 2 23 9
3 2 26 10
2 2 26 11
3 2 34 12
2 2 35 13
3 2 35 14
2 2 33 15
2 2 33 16
3 2 28 17
1 2 28 18
1 2 28 19
3 2 30 20
1 2 30 21
1 2 30 22
3 4 32 9 26 29
2 3 0 27 34
1 3 32 30 31
2 5 23 1 2 10 11
2 3 24 33 35
1 4 34 17 18 19
3 4 23 3 4 8
1 4 25 20 21 22
3 4 25 5 6 7
3 3 0 23 25
2 3 27 15 16
3 3 24 12 28
2 3 27 13 14
34 2
3 2 21 29
2 2 24 1
2 2 24 2
3 2 25 3
2 2 32 4
2 2 32 5
3 2 31 6
3 2 31 7
2 2 26 8
3 2 26 9
3 2 27 10
3 2 22 11
3 2 28 12
3 2 28 13
2 2 24 14
2 2 27 15
2 2 27 16
1 2 26 17
3 2 30 18
1 2 30 19
1 2 30 20
3 3 0 25 33
3 4 29 11 26 27
1 3 29 30 31
2 4 33 1 2 14
3 3 21 3 32
3 4 22 9 17 8
2 4 22 15 16 10
3 3 33 12 13
3 3 0 22 23
1 4 23 18 19 20
3 3 23 6 7
2 3 25 4 5
2 3 21 24 28
35 2
3 2 31 34
2 2 29 1
2 2 29 2
2 2 29 3
3 2 33 4
3 2 33 5
2 2 33 6
3 2 31 7
2 2 26 8
2 2 26 9
2 2 26 10
3 2 32 11
3 2 30 12
3 2 30 13
2 2 30 14
3 2 25 15
3 2 32 16
3 2 27 17
1 2 27 18
1 2 27 19
3 2 28 20
1 2 28 21
1 2 28 22
2 3 31 29 33
2 4 34 26 27 32
3 4 34 15 28 30
2 4 24 8 9 10
1 4 24 17 18 19
1 4 25 20 21 22
2 4 23 1 2 3
3 4 25 13 14 12
3 3 0 7 23
3 3 24 11 16
3 4 23 5 6 4
2 3 0 24 25
38 2
1 4 23 25 26 28
2 2 34 1
2 2 34 2
2 2 30 3
3 2 32 4
3 2 33 5
2 2 33 6
3 2 35 7
2 2 29 8
2 2 29 9
3 2 29 10
3 2 31 11
3 2 35 12
3 2 27 13
2 2 31 14
3 2 31 15
2 2 31 16
3 2 36 17
1 2 36 18
1 2 25 19
3 2 37 20
1 2 37 21
1 2 26 22
2 3 0 30 32
2 3 28 29 31
1 3 0 19 36
1 3 0 22 37
3 3 28 13 35
2 3 0 24 27
2 4 24 8 9 10
2 3 23 3 34
3 5 24 11 16 15 14
3 3 23 4 33
3 3 32 5 6
2 3 30 1 2
3 3 27 7 12
3 3 25 17 18
3 3 26 20 21
28 2
2 2 18 25
2 2 20 1
2 2 20 2
3 2 23 3
2 2 26 4
2 2 26 5
2 2 21 6
3 2 24 7
3 2 23 8
3 2 23 9
2 2 20 10
3 2 27 11
1 2 27 12
1 2 19 13
3 2 22 14
1 2 22 15
1 2 22 16
2 3 25 20 23
2 3 0 21 24
1 3 25 13 27
2 4 17 1 2 10
2 3 18 6 26
1 4 24 14 16 15
3 4 17 3 8 9
3 3 18 7 22
2 3 0 17 19
2 3 21 4 5
3 3 19 11 12
28 2
2 2 17 24
2 2 20 1
2 2 20 2
3 2 25 3
2 2 21 4
3 2 26 5
2 2 20 6
1 2 26 7
3 2 22 8
2 2 22 9
2 2 22 10
3 2 23 11
2 2 23 12
2 2 23 13
3 2 27 14
1 2 27 15
1 2 19 16
2 3 0 21 25
2 3 24 22 23
1 3 24 16 27
2 4 25 1 2 6
2 3 17 4 26
2 4 18 9 10 8
2 4 18 12 13 11
2 3 0 18 19
3 3 17 3 20
3 3 21 5 7
3 3 19 14 15
29 2
2 2 17 26
2 2 24 1
2 2 24 2
3 2 25 3
2 2 27 4
2 2 27 5
3 2 21 6
3 2 23 7
2 2 22 8
2 2 22 9
3 2 22 10
2 2 23 11
2 2 23 12
3 2 28 13
1 2 28 14
1 2 19 15
1 2 25 16
2 3 0 20 21
2 3 26 22 23
1 3 26 15 28
2 3 17 24 25
3 3 17 6 27
2 4 18 8 9 10
2 4 18 11 12 7
2 3 20 1 2
3 3 20 3 16
2 3 0 18 19
2 3 21 4 5
3 3 19 13 14
28 2
2 3 16 17 18
2 2 25 1
2 2 25 2
3 2 19 3
2 2 23 4
2 2 23 5
3 2 26 6
3 2 26 7
3 2 22 8
3 2 21 9
2 2 20 10
2 2 24 11
2 2 24 12
3 2 27 13
1 2 27 14
1 2 18 15
2 3 0 20 21
3 3 0 19 22
1 3 0 15 27
3 3 17 3 23
2 3 16 10 25
3 3 16 9 24
3 3 17 8 26
2 3 19 4 5
2 3 21 11 12
2 3 20 1 2
3 3 22 6 7
3 3 18 13 14
33 2
3 2 23 30
2 2 27 1
2 2 27 2
3 2 27 3
3 2 28 4
2 2 28 5
3 2 22 6
3 2 24 7
1 2 24 8
1 2 24 9
2 2 28 10
3 2 25 11
2 2 32 12
2 2 32 13
3 2 31 14
2 2 29 15
3 2 29 16
2 2 29 17
3 2 26 18
1 2 26 19
1 2 26 20
2 3 30 27 29
3 4 30 6 24 28
3 3 0 25 31
1 4 22 7 8 9
3 3 23 11 32
1 4 31 18 19 20
2 4 21 1 2 3
2 4 22 4 5 10
2 4 21 15 16 17
2 3 0 21 22
3 3 23 14 26
2 3 25 12 13
23 2
2 2 14 19
2 2 17 1
2 2 17 2
3 2 18 3
2 2 21 4
2 2 21 5
2 2 16 6
3 2 18 7
3 2 20 8
2 2 20 9
3 2 22 10
1 2 22 11
1 2 15 12
2 3 19 17 20
2 3 0 16 18
1 3 19 12 22
2 3 14 6 21
2 3 13 1 2
3 3 14 3 7
2 3 0 13 15
3 3 13 8 9
2 3 16 4 5
3 3 15 10 11
35 2
3 2 32 34
2 2 28 1
2 2 28 2
2 2 28 3
3 2 33 4
3 2 33 5
2 2 33 6
3 2 31 7
2 2 31 8
3 2 31 9
2 2 29 10
3 2 29 11
3 2 25 12
3 2 32 13
2 2 30 14
3 2 30 15
2 2 29 16
3 2 26 17
1 2 26 18
1 2 26 19
3 2 27 20
1 2 27 21
1 2 27 22
2 3 32 28 33
2 4 34 26 29 30
3 4 34 12 27 31
1 4 24 17 18 19
1 4 25 20 21 22
2 4 23 1 2 3
2 4 24 10 11 16
2 3 24 14 15
3 4 25 7 8 9
3 3 0 13 23
3 4 23 5 6 4
2 3 0 24 25
27 2
3 3 16 17 18
2 2 19 1
2 2 19 2
3 2 21 3
3 2 22 4
3 2 22 5
2 2 24 6
2 2 24 7
3 2 20 8
3 2 23 9
2 2 19 10
3 2 26 11
1 2 26 12
1 2 17 13
2 2 25 14
2 2 25 15
3 3 0 20 23
1 3 0 13 26
3 3 0 21 22
2 4 23 1 2 10
3 3 16 8 24
3 3 18 3 25
3 3 18 4 5
3 3 16 9 19
2 3 20 6 7
2 3 21 14 15
3 3 17 11 12
34 2
3 2 22 29
2 2 24 1
2 2 24 2
3 2 28 3
3 2 25 4
2 2 30 5
2 2 30 6
3 2 26 7
3 2 28 8
3 2 28 9
3 2 24 10
2 2 24 11
2 2 21 12
3 2 31 13
3 2 23 14
2 2 32 15
2 2 32 16
1 2 31 17
3 2 33 18
1 2 33 19
1 2 27 20
2 4 29 12 24 28
3 4 0 25 26 27
3 3 29 14 31
2 5 21 1 2 10 11
3 3 22 4 30
3 3 22 7 32
1 3 22 20 33
3 4 21 3 8 9
2 3 0 21 23
2 3 25 5 6
3 3 23 13 17
2 3 26 15 16
3 3 27 18 19
34 2
2 2 21 29
1 2 33 1
3 2 33 2
1 2 33 3
2 2 24 4
3 2 32 5
2 2 31 6
2 2 31 7
3 2 28 8
3 2 28 9
2 2 32 10
2 2 28 11
3 2 30 12
3 2 30 13
2 2 26 14
2 2 26 15
3 2 26 16
2 2 22 17
3 2 27 18
1 2 27 19
1 2 27 20
2 3 0 24 25
2 4 29 17 26 27
3 3 29 28 30
2 3 21 4 33
2 3 21 31 32
2 4 22 14 15 16
1 4 22 18 20 19
3 4 23 9 11 8
2 3 0 22 23
3 3 23 12 13
2 3 25 6 7
3 3 25 5 10
1 4 24 1 2 3
37 2
2 3 21 22 23
2 2 29 1
2 2 29 2
3 2 35 3
2 2 30 4
2 2 30 5
3 2 31 6
3 2 26 7
3 2 35 8
3 2 27 9
3 2 33 10
2 2 33 11
2 2 21 12
3 2 32 13
3 2 32 14
2 2 34 15
2 2 34 16
3 2 36 17
1 2 36 18
1 2 28 19
1 2 31 20
2 4 0 12 24 27
2 3 0 25 26
1 3 0 28 32
2 3 21 29 33
2 3 22 30 31
3 3 22 7 34
3 3 21 9 35
1 3 23 19 36
2 3 24 1 2
2 3 25 4 5
3 3 25 6 20
3 3 23 13 14
3 3 24 10 11
2 3 26 15 16
3 3 27 3 8
3 3 28 17 18
31 2
3 2 28 30
2 2 24 1
2 2 24 2
3 2 25 3
2 2 25 4
2 2 25 5
3 2 28 6
2 2 26 7
2 2 26 8
3 2 21 9
3 2 23 10
3 2 29 11
3 2 29 12
3 2 29 13
2 2 24 14
2 2 23 15
2 2 23 16
3 2 27 17
1 2 27 18
1 2 27 19
2 3 30 24 25
3 4 28 9 26 27
2 3 30 23 29
2 4 22 15 16 10
2 4 20 1 2 14
2 4 20 4 5 3
2 3 21 7 8
1 4 21 17 19 18
3 3 0 6 21
3 4 22 11 12 13
2 3 0 20 22
42 2
3 2 28 37
2 2 35 1
2 2 35 2
2 2 35 3
3 2 38 4
3 2 38 5
2 2 35 6
3 2 36 7
2 2 39 8
2 2 39 9
3 2 32 10
3 2 33 11
3 2 36 12
3 2 30 13
3 2 38 14
3 2 31 15
2 2 30 16
2 2 30 17
3 2 30 18
2 2 40 19
2 2 40 20
3 2 31 21
1 2 31 22
1 2 31 23
3 2 41 24
1 2 41 25
1 2 34 26
2 3 37 35 38
3 4 0 32 33 34
2 4 37 30 31 36
2 5 29 16 17 18 13
1 5 29 21 22 23 15
3 3 28 10 39
3 3 28 11 40
1 3 28 26 41
2 5 27 1 2 3 6
3 3 29 7 12
2 3 0 27 29
3 4 27 4 5 14
2 3 32 8 9
2 3 33 19 20
3 3 34 24 25
40 2
2 3 29 35 36
2 2 33 1
2 2 33 2
3 2 33 3
3 2 34 4
2 2 34 5
3 2 34 6
3 2 32 7
2 2 30 8
2 2 30 9
3 2 30 10
3 2 32 11
2 2 32 12
3 2 37 13
1 2 37 14
1 2 27 15
3 2 31 16
1 2 31 17
1 2 31 18
3 2 38 19
1 2 38 20
1 2 28 21
3 2 39 22
1 2 39 23
1 2 29 24
2 3 35 33 34
2 4 36 30 31 32
1 3 36 15 37
1 3 35 21 38
1 3 0 24 39
2 4 26 8 9 10
1 4 26 16 17 18
3 4 26 7 12 11
2 4 25 1 2 3
3 4 25 4 5 6
2 3 0 25 28
2 3 0 26 27
3 3 27 13 14
3 3 28 19 20
3 3 29 22 23
36 2
2 2 24 32
2 2 26 1
2 2 26 2
3 2 29 3
2 2 29 4
3 2 31 5
2 2 31 6
3 2 31 7
3 2 29 8
3 2 23 9
3 2 26 10
2 2 26 11
3 2 34 12
2 2 35 13
3 2 35 14
2 2 33 15
2 2 33 16
3 2 28 17
1 2 28 18
1 2 28 19
3 2 30 20
1 2 30 21
1 2 30 22
3 4 32 9 26 29
2 3 0 27 34
1 3 32 30 31
2 5 23 1 2 10 11
2 3 24 33 35
1 4 34 17 18 19
3 4 23 3 4 8
1 4 25 20 21 22
3 4 25 5 6 7
3 3 0 23 25
2 3 27 15 16
3 3 24 12 28
2 3 27 13 14
36 2
2 2 23 31
2 2 32 1
2 2 32 2
3 2 34 3
2 2 34 4
2 2 23 5
3 2 33 6
3 2 33 7
2 2 30 8
3 2 30 9
3 2 30 10
3 2 33 11
3 2 27 12
3 2 35 13
2 2 32 14
2 2 35 15
2 2 24 16
3 2 28 17
1 2 28 18
1 2 28 19
3 2 29 20
1 2 29 21
1 2 29 22
2 4 0 5 26 27
2 4 31 16 28 30
1 3 31 29 33
2 3 23 32 34
3 3 23 12 35
1 4 24 17 18 19
1 4 25 20 21 22
3 4 24 8 9 10
2 3 0 24 25
2 4 26 1 2 14
3 4 25 6 7 11
3 3 26 3 4
3 3 27 13 15
32 2
2 2 27 30
2 2 24 1
2 2 24 2
3 2 25 3
2 2 25 4
2 2 25 5
2 2 23 6
3 2 23 7
3 2 28 8
3 2 28 9
2 2 24 10
3 2 26 11
3 2 29 12
2 2 29 13
3 2 29 14
2 2 26 15
2 2 26 16
3 2 31 17
1 2 31 18
1 2 22 19
2 4 27 24 25 28
2 3 30 26 29
1 3 30 19 31
2 3 27 6 7
2 4 20 1 2 10
2 4 20 4 5 3
2 4 21 15 16 11
2 3 0 20 23
3 3 20 8 9
3 4 21 12 13 14
2 3 0 21 22
3 3 22 17 18
38 2
2 2 25 36
1 2 29 1
3 2 29 2
1 2 29 3
2 2 29 4
3 2 32 5
2 2 32 6
3 2 26 7
3 2 37 8
2 2 34 9
2 2 34 10
3 2 28 11
2 2 28 12
2 2 28 13
2 2 28 14
3 2 31 15
3 2 31 16
3 2 37 17
3 2 30 18
2 2 30 19
2 2 30 20
3 2 35 21
1 2 35 22
1 2 35 23
1 4 36 29 30 32
2 3 0 27 33
3 3 36 7 35
2 3 25 34 37
2 5 33 12 13 14 11
1 5 24 1 2 3 4
2 4 24 19 20 18
3 3 33 15 16
3 3 24 5 6
2 3 25 28 31
2 3 27 9 10
1 4 26 21 22 23
1 3 0 24 26
3 3 27 8 17
37 2
3 2 24 32
2 2 26 1
2 2 26 2
3 2 30 3
3 2 27 4
2 2 34 5
2 2 34 6
3 2 28 7
3 2 30 8
3 2 30 9
3 2 26 10
2 2 26 11
2 2 23 12
3 2 33 13
3 2 33 14
2 2 35 15
2 2 35 16
3 2 31 17
1 2 31 18
1 2 31 19
3 2 36 20
1 2 36 21
1 2 29 22
2 4 32 12 26 30
3 4 0 27 28 29
1 3 32 31 33
2 5 23 1 2 10 11
3 3 24 4 34
3 3 24 7 35
1 3 24 22 36
3 4 23 3 8 9
1 4 25 17 18 19
2 3 0 23 25
3 3 25 13 14
2 3 27 5 6
2 3 28 15 16
3 3 29 20 21
24 2
1 2 15 22
2 2 18 1
2 2 18 2
3 2 19 3
3 2 16 4
2 2 20 5
3 2 20 6
3 2 23 7
1 2 23 8
1 2 17 9
3 2 21 10
1 2 21 11
1 2 21 12
1 2 19 13
2 3 22 18 19
1 3 0 17 20
3 3 22 4 21
1 3 15 9 23
2 3 14 1 2
3 3 14 3 13
2 3 15 5 6
1 4 16 10 11 12
2 3 0 14 16
3 3 17 7 8
38 2
1 4 23 25 26 28
2 2 34 1
2 2 34 2
2 2 31 3
3 2 32 4
3 2 33 5
2 2 33 6
3 2 35 7
2 2 29 8
2 2 29 9
3 2 29 10
3 2 24 11
3 2 35 12
3 2 27 13
2 2 30 14
2 2 30 15
3 2 30 16
3 2 36 17
1 2 36 18
1 2 25 19
3 2 37 20
1 2 37 21
1 2 26 22
2 3 0 31 32
2 4 28 11 29 30
1 3 0 19 36
1 3 0 22 37
3 3 28 13 35
2 3 0 24 27
2 4 24 8 9 10
2 4 24 14 15 16
2 3 23 3 34
3 3 23 4 33
3 3 32 5 6
2 3 31 1 2
3 3 27 7 12
3 3 25 17 18
3 3 26 20 21
30 2
2 3 18 19 20
2 2 25 1
2 2 25 2
2 2 22 3
3 2 27 4
3 2 24 5
2 2 22 6
2 2 28 7
3 2 28 8
2 2 21 9
2 2 21 10
2 2 21 11
3 2 26 12
3 2 23 13
2 2 27 14
3 2 29 15
1 2 29 16
1 2 20 17
2 3 0 22 24
3 3 0 23 26
1 3 0 17 29
2 4 26 9 10 11
2 4 18 3 6 25
3 3 19 13 28
3 3 18 5 27
2 3 22 1 2
3 3 19 12 21
3 3 24 4 14
2 3 23 7 8
3 3 20 15 16
41 2
1 4 27 30 35 36
2 2 31 1
2 2 31 2
3 2 31 3
3 2 33 4
2 2 33 5
3 2 33 6
3 2 37 7
1 2 37 8
1 2 26 9
3 2 38 10
1 2 38 11
1 2 27 12
3 2 34 13
2 2 32 14
2 2 32 15
3 2 32 16
2 2 32 17
3 2 34 18
3 2 39 19
1 2 39 20
1 2 29 21
3 2 40 22
1 2 40 23
1 2 30 24
2 3 35 31 33
1 3 35 9 37
1 3 0 12 38
2 3 36 32 34
1 3 36 21 39
1 3 0 24 40
2 4 25 1 2 3
2 5 28 14 15 16 17
3 4 25 4 5 6
3 3 28 13 18
2 3 0 25 26
2 3 0 28 29
3 3 26 7 8
3 3 27 10 11
3 3 29 19 20
3 3 30 22 23
21 2
1 2 14 17
2 2 15 1
2 2 15 2
3 2 19 3
2 2 19 4
3 2 17 5
2 2 16 6
2 2 16 7
2 2 16 8
3 2 15 9
3 2 20 10
1 2 20 11
1 2 18 12
2 3 17 15 16
1 3 0 18 19
2 4 13 1 2 9
2 4 13 6 7 8
3 3 0 5 13
1 3 14 12 20
3 3 14 3 4
3 3 18 10 11
35 2
3 2 29 33
2 2 26 1
2 2 26 2
3 2 26 3
2 2 27 4
2 2 27 5
3 2 27 6
3 2 32 7
2 2 30 8
2 2 30 9
3 2 23 10
3 2 32 11
2 2 32 12
3 2 28 13
1 2 28 14
1 2 28 15
3 2 31 16
1 2 31 17
1 2 31 18
3 2 34 19
1 2 34 20
1 2 25 21
2 3 33 26 27
3 4 29 10 30 31
1 3 29 28 32
1 3 33 21 34
2 4 22 1 2 3
2 4 22 4 5 6
1 4 24 13 14 15
3 3 0 23 24
2 3 23 8 9
1 4 23 16 17 18
3 4 24 7 12 11
2 3 0 22 25
3 3 25 19 20
36 2
2 2 32 34
2 2 27 1
2 2 27 2
3 2 33 3
3 2 28 4
2 2 28 5
2 2 28 6
3 2 24 7
3 2 33 8
3 2 33 9
2 2 27 10
3 2 29 11
3 2 31 12
2 2 31 13
3 2 31 14
2 2 29 15
2 2 29 16
3 2 35 17
1 2 35 18
1 2 26 19
3 2 30 20
1 2 30 21
1 2 30 22
2 3 32 27 33
3 4 32 7 28 30
2 3 34 29 31
1 3 34 19 35
2 4 23 1 2 10
2 4 24 5 6 4
2 4 25 15 16 11
1 4 24 20 21 22
3 4 25 12 13 14
2 3 0 23 24
3 4 23 3 8 9
2 3 0 25 26
3 3 26 17 18
21 2
1 2 14 17
2 2 15 1
2 2 15 2
3 2 15 3
3 2 17 4
2 2 19 5
3 2 19 6
3 2 20 7
1 2 20 8
1 2 18 9
2 2 16 10
2 2 16 11
2 2 16 12
2 3 17 15 16
1 3 0 18 19
2 4 13 1 2 3
2 4 13 10 11 12
3 3 0 4 13
1 3 14 9 20
2 3 14 5 6
3 3 18 7 8
34 2
1 2 22 30
2 2 24 1
2 2 24 2
3 2 26 3
3 2 32 4
3 2 29 5
2 2 24 6
3 2 33 7
1 2 33 8
1 2 27 9
2 2 32 10
3 2 31 11
3 2 26 12
2 2 26 13
2 2 25 14
2 2 25 15
2 2 25 16
3 2 31 17
3 2 28 18
1 2 28 19
1 2 28 20
2 4 30 24 25 26
1 3 0 27 29
1 3 30 28 31
2 4 21 1 2 6
2 4 21 14 15 16
3 4 21 3 13 12
1 3 22 9 33
1 4 23 18 19 20
3 3 22 5 32
2 3 0 21 23
3 3 23 11 17
3 3 29 4 10
3 3 27 7 8
24 2
2 2 18 21
1 2 20 1
3 2 20 2
2 2 14 3
3 2 17 4
3 2 17 5
2 2 14 6
2 2 19 7
2 2 19 8
2 2 22 9
3 2 22 10
3 2 23 11
1 2 23 12
1 2 16 13
2 4 18 3 6 20
2 3 21 19 22
1 3 21 13 23
3 3 18 4 5
2 3 0 14 17
2 3 15 7 8
1 3 14 1 2
2 3 0 15 16
2 3 15 9 10
3 3 16 11 12
48 2
1 4 29 30 31 32
2 2 41 1
2 2 41 2
3 2 45 3
2 2 45 4
2 2 36 5
3 2 36 6
3 2 30 7
2 2 37 8
2 2 37 9
3 2 37 10
3 2 36 11
3 2 44 12
3 2 30 13
3 2 34 14
2 2 38 15
2 2 38 16
3 2 40 17
3 2 42 18
3 2 42 19
3 2 43 20
2 2 43 21
2 2 40 22
3 2 46 23
1 2 46 24
1 2 39 25
3 2 47 26
1 2 47 27
1 2 32 28
2 3 0 35 44
3 5 0 7 13 33 34
1 3 0 39 43
1 3 0 28 47
2 3 30 37 42
3 4 30 14 38 40
2 3 29 41 45
3 4 44 5 6 11
2 4 33 8 9 10
2 3 34 15 16
1 3 31 25 46
3 3 34 17 22
2 3 35 1 2
3 3 33 18 19
3 3 31 20 21
3 3 29 12 36
3 3 35 3 4
3 3 39 23 24
3 3 32 26 27
40 2
2 3 23 24 25
2 2 31 1
2 2 31 2
3 2 34 3
2 2 34 4
2 2 38 5
3 2 38 6
3 2 33 7
3 2 36 8
3 2 36 9
3 2 26 10
2 2 32 11
2 2 32 12
3 2 35 13
3 2 28 14
2 2 37 15
2 2 37 16
3 2 29 17
1 2 29 18
1 2 29 19
3 2 39 20
1 2 39 21
1 2 30 22
2 3 0 26 27
3 3 0 28 35
1 3 0 30 33
2 4 23 10 31 32
3 3 23 34 36
3 3 24 14 37
1 4 35 17 18 19
1 3 25 22 39
2 3 26 1 2
2 3 26 11 12
3 3 25 7 38
3 3 27 3 4
3 3 24 13 29
3 3 27 8 9
2 3 28 15 16
2 3 33 5 6
3 3 30 20 21
35 2
3 2 27 33
2 2 28 1
2 2 28 2
3 2 34 3
3 2 29 4
2 2 29 5
2 2 29 6
3 2 24 7
3 2 34 8
3 2 34 9
2 2 28 10
3 2 26 11
3 2 26 12
2 2 31 13
2 2 31 14
2 2 31 15
3 2 25 16
3 2 32 17
1 2 32 18
1 2 32 19
3 2 30 20
1 2 30 21
1 2 30 22
2 3 33 28 34
3 4 33 7 29 30
3 4 27 16 31 32
3 3 27 11 12
3 3 0 25 26
2 4 23 1 2 10
2 4 24 5 6 4
1 4 24 20 21 22
2 4 25 13 14 15
1 4 25 17 19 18
2 3 0 23 24
3 4 23 3 8 9
34 2
2 2 26 33
2 2 27 1
2 2 27 2
2 2 27 3
3 2 31 4
3 2 31 5
2 2 31 6
3 2 32 7
2 2 28 8
2 2 28 9
2 2 28 10
2 2 32 11
3 2 32 12
3 2 25 13
3 2 25 14
2 2 29 15
2 2 29 16
3 2 29 17
2 2 24 18
3 2 30 19
1 2 30 20
1 2 30 21
2 3 33 27 31
2 3 33 28 32
2 4 26 18 29 30
3 3 26 13 14
2 3 0 24 25
2 4 22 1 2 3
2 4 23 8 9 10
2 4 24 15 16 17
1 4 24 19 21 20
3 4 22 5 6 4
3 4 23 11 12 7
2 3 0 22 23
30 2
2 3 19 21 27
2 2 23 1
2 2 23 2
2 2 23 3
3 2 24 4
3 2 24 5
2 2 24 6
3 2 25 7
2 2 28 8
3 2 28 9
2 2 26 10
2 2 26 11
3 2 25 12
3 2 20 13
1 2 20 14
3 2 29 15
1 2 29 16
1 2 21 17
2 3 27 23 24
2 3 0 22 25
3 3 27 13 14
1 3 0 17 29
2 3 19 26 28
2 4 18 1 2 3
3 4 18 5 6 4
3 3 19 7 12
2 3 22 10 11
2 3 0 18 20
2 3 22 8 9
3 3 21 15 16
30 2
2 3 18 19 20
2 2 25 1
2 2 25 2
2 2 22 3
3 2 24 4
3 2 28 5
2 2 22 6
2 2 28 7
2 2 23 8
3 2 23 9
3 2 21 10
2 2 26 11
2 2 26 12
3 2 27 13
2 2 23 14
3 2 29 15
1 2 29 16
1 2 20 17
2 3 0 22 24
3 3 0 21 27
1 3 0 17 29
3 3 19 10 26
2 4 18 3 6 25
2 4 27 8 9 14
3 3 18 4 28
2 3 22 1 2
2 3 21 11 12
3 3 19 13 23
3 3 24 5 7
3 3 20 15 16
31 2
2 2 23 29
2 2 27 1
2 2 27 2
3 2 22 3
3 2 22 4
2 2 28 5
3 2 28 6
2 2 25 7
1 2 25 8
2 2 26 9
3 2 26 10
3 2 24 11
2 2 24 12
2 2 24 13
3 2 20 14
2 2 26 15
3 2 30 16
1 2 30 17
1 2 21 18
2 4 23 25 27 28
2 4 29 14 24 26
1 3 29 18 30
3 3 23 3 4
2 3 0 19 22
2 4 20 12 13 11
2 3 19 7 8
2 4 20 9 10 15
2 3 19 1 2
2 3 19 5 6
2 3 0 20 21
3 3 21 16 17
31 2
2 2 27 28
2 2 23 1
2 2 23 2
3 2 26 3
2 2 26 4
3 2 26 5
2 2 23 6
3 2 29 7
1 2 29 8
1 2 20 9
3 2 24 10
2 2 24 11
2 2 24 12
3 2 25 13
2 2 25 14
2 2 25 15
3 2 30 16
1 2 30 17
1 2 22 18
2 3 27 23 26
1 3 27 9 29
2 3 28 24 25
1 3 28 18 30
2 4 19 1 2 6
2 4 21 11 12 10
2 4 21 14 15 13
3 4 19 3 4 5
2 3 0 19 20
2 3 0 21 22
3 3 20 7 8
3 3 22 16 17
30 2
3 3 18 19 20
2 2 26 1
2 2 26 2
3 2 21 3
3 2 24 4
2 2 24 5
3 2 28 6
3 2 29 7
1 2 29 8
1 2 19 9
2 2 24 10
3 2 25 11
3 2 22 12
2 2 27 13
2 2 27 14
3 2 23 15
2 2 23 16
1 2 23 17
3 3 0 21 28
1 3 0 9 29
3 3 0 22 25
3 3 18 3 26
3 3 20 12 27
3 4 25 15 17 16
2 4 28 4 10 5
3 3 20 11 23
2 3 21 1 2
2 3 22 13 14
3 3 18 6 24
3 3 19 7 8
36 2
2 2 24 33
2 2 34 1
2 2 34 2
2 2 28 3
3 2 35 4
3 2 29 5
2 2 28 6
2 2 29 7
2 2 29 8
3 2 31 9
3 2 26 10
2 2 32 11
3 2 32 12
2 2 30 13
2 2 30 14
2 2 30 15
3 2 25 16
3 2 32 17
3 2 31 18
2 2 31 19
3 2 26 20
3 2 27 21
1 2 27 22
1 2 27 23
2 3 0 28 35
3 4 33 16 30 32
3 5 33 20 10 27 31
1 4 26 21 22 23
2 4 24 3 6 34
2 4 35 7 8 5
2 4 25 13 14 15
3 4 26 18 19 9
3 4 25 11 12 17
3 3 0 25 26
2 3 28 1 2
3 3 24 4 29
48 2
2 3 28 29 30
2 2 38 1
2 2 38 2
3 2 34 3
2 2 45 4
2 2 45 5
3 2 35 6
2 2 46 7
2 2 46 8
3 2 42 9
3 2 43 10
2 2 43 11
3 2 44 12
2 2 40 13
2 2 40 14
3 2 47 15
2 2 39 16
2 2 39 17
3 2 31 18
3 2 28 19
3 2 37 20
3 2 37 21
3 2 42 22
3 2 44 23
3 2 47 24
3 2 41 25
1 2 41 26
1 2 41 27
2 4 0 19 31 32
3 4 0 34 35 37
1 3 0 33 36
2 4 28 18 38 39
2 3 28 40 47
1 3 30 41 43
3 3 29 3 45
3 3 29 6 46
3 3 30 42 44
3 3 29 20 21
2 3 31 1 2
2 3 31 16 17
2 3 32 13 14
1 4 33 25 26 27
3 3 36 9 22
3 3 33 10 11
3 3 36 12 23
2 3 34 4 5
2 3 35 7 8
3 3 32 15 24
30 2
3 3 18 19 20
2 2 26 1
2 2 26 2
3 2 21 3
3 2 24 4
2 2 24 5
3 2 28 6
3 2 29 7
1 2 29 8
1 2 19 9
2 2 24 10
3 2 25 11
3 2 22 12
2 2 27 13
2 2 27 14
3 2 23 15
2 2 23 16
1 2 23 17
3 3 0 21 28
1 3 0 9 29
3 3 0 22 25
3 3 18 3 26
3 3 20 12 27
3 4 25 15 17 16
2 4 28 4 10 5
3 3 20 11 23
2 3 21 1 2
2 3 22 13 14
3 3 18 6 24
3 3 19 7 8
24 2
1 2 15 22
2 2 18 1
2 2 18 2
3 2 19 3
3 2 16 4
2 2 20 5
3 2 20 6
3 2 23 7
1 2 23 8
1 2 17 9
3 2 21 10
1 2 21 11
1 2 21 12
1 2 19 13
2 3 22 18 19
1 3 0 17 20
3 3 22 4 21
1 3 15 9 23
2 3 14 1 2
3 3 14 3 13
2 3 15 5 6
1 4 16 10 11 12
2 3 0 14 16
3 3 17 7 8
38 2
2 2 24 35
2 2 36 1
2 2 36 2
2 2 31 3
3 2 33 4
3 2 37 5
2 2 31 6
2 2 37 7
3 2 27 8
2 2 27 9
2 2 27 10
3 2 28 11
2 2 28 12
2 2 28 13
3 2 34 14
3 2 34 15
3 2 32 16
3 2 32 17
3 2 29 18
2 2 29 19
2 2 29 20
3 2 30 21
1 2 30 22
1 2 30 23
2 3 0 31 33
2 4 35 27 28 32
2 4 35 29 30 34
2 4 25 9 10 8
2 4 25 12 13 11
2 4 26 19 20 18
1 4 26 21 22 23
2 4 24 3 6 36
3 3 25 16 17
3 3 24 4 37
3 3 26 14 15
2 3 0 25 26
2 3 31 1 2
3 3 33 5 7
30 2
3 3 18 19 20
2 2 26 1
2 2 26 2
3 2 21 3
3 2 24 4
2 2 24 5
3 2 28 6
3 2 29 7
1 2 29 8
1 2 19 9
2 2 24 10
3 2 25 11
3 2 22 12
2 2 27 13
2 2 27 14
3 2 23 15
2 2 23 16
1 2 23 17
3 3 0 21 28
1 3 0 9 29
3 3 0 22 25
3 3 18 3 26
3 3 20 12 27
3 4 25 15 17 16
2 4 28 4 10 5
3 3 20 11 23
2 3 21 1 2
2 3 22 13 14
3 3 18 6 24
3 3 19 7 8
38 2
3 2 33 35
2 2 31 1
2 2 31 2
3 2 31 3
3 2 32 4
2 2 32 5
3 2 32 6
3 2 37 7
1 2 37 8
1 2 25 9
3 2 28 10
1 2 28 11
3 2 28 12
3 2 36 13
3 2 36 14
2 2 30 15
3 2 30 16
2 2 28 17
3 2 29 18
1 2 29 19
1 2 29 20
3 2 34 21
1 2 34 22
1 2 34 23
2 3 35 31 32
1 3 35 9 37
3 4 33 28 29 30
1 3 33 34 36
3 5 26 10 11 12 17
1 4 26 18 19 20
2 3 26 15 16
2 4 24 1 2 3
3 4 24 4 5 6
3 3 0 26 27
1 4 27 21 22 23
2 3 0 24 25
3 3 27 13 14
3 3 25 7 8
38 2
3 3 25 26 31
2 2 30 1
2 2 30 2
2 2 30 3
3 2 32 4
2 2 32 5
3 2 27 6
3 2 25 7
2 2 33 8
2 2 33 9
2 2 35 10
3 2 35 11
3 2 29 12
3 2 34 13
2 2 36 14
3 2 36 15
2 2 32 16
3 2 32 17
2 2 30 18
2 2 34 19
3 2 29 20
3 2 37 21
1 2 37 22
1 2 26 23
2 3 31 30 32
3 4 0 7 28 29
1 3 0 23 37
3 3 31 6 36
2 3 25 33 35
3 4 25 12 20 34
2 5 24 1 2 18 3
2 3 0 24 27
3 5 24 4 5 17 16
2 3 28 8 9
3 3 29 13 19
2 3 28 10 11
2 3 27 14 15
3 3 26 21 22
38 2
3 3 24 25 31
2 2 29 1
2 2 29 2
2 2 29 3
3 2 32 4
3 2 32 5
2 2 32 6
3 2 34 7
2 2 26 8
2 2 26 9
2 2 26 10
3 2 35 11
3 2 30 12
3 2 31 13
3 2 33 14
3 2 33 15
2 2 35 16
3 2 27 17
1 2 27 18
1 2 27 19
3 2 37 20
1 2 37 21
1 2 28 22
2 3 31 29 32
3 3 0 30 34
1 3 0 28 36
2 4 34 8 9 10
1 4 36 17 18 19
1 3 25 22 37
2 4 23 1 2 3
3 3 24 12 35
3 3 0 13 23
3 4 23 5 6 4
3 3 36 14 15
3 3 24 7 26
3 3 30 11 16
1 3 25 27 33
3 3 28 20 21
40 2
2 3 29 30 36
2 2 31 1
2 2 31 2
3 2 31 3
3 2 34 4
2 2 34 5
3 2 34 6
3 2 37 7
2 2 32 8
2 2 32 9
3 2 32 10
2 2 26 11
3 2 37 12
3 2 35 13
1 2 35 14
1 2 35 15
3 2 33 16
1 2 33 17
1 2 33 18
3 2 38 19
1 2 38 20
1 2 28 21
3 2 39 22
1 2 39 23
1 2 29 24
2 3 36 31 34
2 4 30 11 32 33
1 3 30 35 37
1 3 36 21 38
1 3 0 24 39
2 3 0 26 27
2 4 25 1 2 3
2 4 26 8 9 10
1 4 26 16 17 18
3 4 25 4 5 6
1 4 27 13 14 15
2 3 0 25 28
3 3 27 7 12
3 3 28 19 20
3 3 29 22 23
39 2
3 3 24 26 34
2 2 32 1
2 2 32 2
3 2 28 3
3 2 31 4
2 2 31 5
3 2 25 6
2 2 30 7
3 2 30 8
1 2 30 9
4 2 37 10
1 2 37 11
1 2 27 12
1 2 27 13
2 2 31 14
3 2 35 15
3 2 33 16
2 2 33 17
2 2 36 18
3 2 36 19
2 2 35 20
3 2 38 21
1 2 38 22
1 2 26 23
3 3 0 28 29
3 4 34 6 30 31
1 3 0 23 38
1 4 34 12 13 37
3 4 24 3 32 33
3 3 24 35 36
3 4 25 8 9 7
2 4 25 4 5 14
2 3 28 1 2
3 3 28 16 17
3 3 0 25 27
3 3 29 15 20
2 3 29 18 19
4 3 27 10 11
3 3 26 21 22
28 2
3 2 20 25
2 2 22 1
2 2 22 2
3 2 22 3
3 2 24 4
2 2 21 5
3 2 21 6
1 2 21 7
2 2 24 8
3 2 24 9
3 2 23 10
2 2 23 11
2 2 23 12
3 2 20 13
2 2 24 14
3 2 27 15
1 2 27 16
1 2 26 17
2 3 25 22 23
3 3 25 21 24
3 3 0 13 26
3 4 19 6 7 5
2 4 18 1 2 3
2 4 18 11 12 10
3 5 19 4 8 9 14
2 3 0 18 19
1 3 20 17 27
3 3 26 15 16
31 2
2 3 18 19 20
2 2 26 1
2 2 26 2
2 2 23 3
3 2 29 4
2 2 29 5
2 2 23 6
2 2 24 7
2 2 27 8
3 2 27 9
2 2 25 10
2 2 25 11
3 2 22 12
2 2 28 13
2 2 28 14
3 2 30 15
1 2 30 16
1 2 20 17
2 3 0 23 24
2 3 0 21 22
1 3 0 17 30
2 3 19 25 27
3 3 19 12 28
2 4 18 3 6 26
2 3 18 7 29
2 3 21 10 11
2 3 23 1 2
2 3 21 8 9
2 3 22 13 14
3 3 24 4 5
3 3 20 15 16
30 2
3 3 18 19 20
2 2 26 1
2 2 26 2
3 2 21 3
3 2 24 4
2 2 24 5
3 2 28 6
3 2 29 7
1 2 29 8
1 2 19 9
2 2 24 10
3 2 25 11
3 2 22 12
2 2 27 13
2 2 27 14
3 2 23 15
2 2 23 16
1 2 23 17
3 3 0 21 28
1 3 0 9 29
3 3 0 22 25
3 3 18 3 26
3 3 20 12 27
3 4 25 15 17 16
2 4 28 4 10 5
3 3 20 11 23
2 3 21 1 2
2 3 22 13 14
3 3 18 6 24
3 3 19 7 8
32 2
2 2 20 29
2 2 31 1
2 2 31 2
2 2 24 3
3 2 27 4
3 2 30 5
2 2 30 6
3 2 21 7
2 2 23 8
2 2 23 9
2 2 23 10
3 2 25 11
3 2 25 12
3 2 28 13
2 2 28 14
3 2 28 15
2 2 25 16
3 2 26 17
1 2 26 18
1 2 26 19
2 3 0 24 27
3 4 29 7 23 25
1 3 29 26 28
2 4 21 8 9 10
2 3 20 3 31
3 4 21 11 16 12
1 4 22 17 18 19
3 3 20 4 30
3 4 22 13 14 15
3 3 0 21 22
3 3 27 5 6
2 3 24 1 2
30 2
2 3 18 19 20
2 2 25 1
2 2 25 2
2 2 22 3
3 2 24 4
3 2 28 5
2 2 22 6
2 2 28 7
2 2 23 8
3 2 23 9
3 2 21 10
2 2 26 11
2 2 26 12
3 2 27 13
2 2 23 14
3 2 29 15
1 2 29 16
1 2 20 17
2 3 0 22 24
3 3 0 21 27
1 3 0 17 29
3 3 19 10 26
2 4 18 3 6 25
2 4 27 8 9 14
3 3 18 4 28
2 3 22 1 2
2 3 21 11 12
3 3 19 13 23
3 3 24 5 7
3 3 20 15 16
22 2
1 3 13 14 15
2 2 18 1
2 2 18 2
3 2 16 3
2 2 19 4
2 2 19 5
3 2 17 6
3 2 20 7
1 2 20 8
1 2 14 9
3 2 21 10
1 2 21 11
1 2 15 12
3 3 0 16 17
1 3 0 9 20
1 3 0 12 21
3 3 13 3 18
3 3 13 6 19
2 3 16 1 2
2 3 17 4 5
3 3 14 7 8
3 3 15 10 11
41 2
2 3 24 25 26
2 2 33 1
2 2 33 2
3 2 36 3
2 2 36 4
3 2 39 5
3 2 32 6
3 2 38 7
3 2 37 8
3 2 37 9
3 2 27 10
2 2 34 11
2 2 34 12
3 2 35 13
3 2 28 14
2 2 28 15
2 2 28 16
3 2 29 17
1 2 29 18
1 2 29 19
2 2 40 20
2 2 40 21
2 2 31 22
2 2 39 23
2 3 0 27 30
3 3 0 35 38
2 3 0 31 32
2 4 24 10 33 34
2 4 38 15 16 14
1 4 35 17 18 19
3 3 24 36 37
2 3 26 22 40
3 3 26 6 39
2 3 27 1 2
2 3 27 11 12
3 3 25 13 29
3 3 30 3 4
3 3 30 8 9
3 3 25 7 28
3 3 32 5 23
2 3 31 20 21
36 2
2 2 24 32
2 2 29 1
3 2 31 2
2 2 31 3
3 2 31 4
3 2 29 5
3 2 29 6
2 2 26 7
2 2 26 8
3 2 26 9
3 2 23 10
3 2 35 11
2 2 35 12
3 2 34 13
2 2 26 14
3 2 27 15
1 2 27 16
1 2 27 17
2 2 33 18
2 2 33 19
3 2 30 20
1 2 30 21
1 2 30 22
3 4 32 10 26 29
2 3 0 28 34
1 3 32 30 31
2 5 23 7 8 9 14
1 4 34 15 16 17
2 3 24 33 35
3 4 23 1 6 5
1 4 25 20 21 22
3 4 25 2 3 4
3 3 0 23 25
2 3 28 18 19
3 3 24 13 27
3 3 28 11 12
31 2
2 3 18 19 20
2 2 26 1
2 2 26 2
2 2 22 3
3 2 24 4
2 2 28 5
3 2 28 6
2 2 27 7
3 2 27 8
2 2 25 9
2 2 25 10
3 2 23 11
2 2 29 12
3 2 29 13
2 2 22 14
3 2 30 15
1 2 30 16
1 2 20 17
2 3 0 22 24
2 3 0 21 23
1 3 0 17 30
2 3 19 25 27
2 4 18 3 14 26
3 3 19 11 28
3 3 18 4 29
2 3 21 9 10
2 3 22 1 2
2 3 21 7 8
2 3 23 5 6
2 3 24 12 13
3 3 20 15 16
33 2
2 2 22 30
2 2 24 1
2 2 24 2
3 2 24 3
3 2 32 4
2 2 32 5
3 2 31 6
3 2 26 7
1 2 26 8
1 2 26 9
2 2 28 10
3 2 29 11
2 2 29 12
3 2 29 13
2 2 25 14
2 2 25 15
3 2 25 16
2 2 24 17
3 2 27 18
1 2 27 19
1 2 27 20
2 3 30 24 25
2 3 0 28 31
1 3 30 27 29
2 5 21 1 2 3 17
2 4 21 14 15 16
1 4 31 7 8 9
1 4 23 18 19 20
2 3 22 10 32
3 4 23 11 12 13
2 3 0 21 23
3 3 22 6 26
3 3 28 4 5
34 2
2 3 20 22 28
2 2 31 1
2 2 31 2
2 2 23 3
3 2 27 4
3 2 30 5
2 2 30 6
3 2 28 7
2 2 25 8
2 2 25 9
2 2 25 10
3 2 26 11
3 2 32 12
3 2 32 13
3 2 29 14
2 2 26 15
2 2 26 16
3 2 33 17
1 2 33 18
1 2 24 19
2 3 0 23 27
2 3 28 25 26
1 3 0 24 29
2 3 20 3 31
1 3 22 19 33
2 4 21 8 9 10
2 4 21 15 16 11
3 3 20 4 30
3 3 0 7 21
3 3 22 14 32
3 3 27 5 6
2 3 23 1 2
3 3 29 12 13
3 3 24 17 18
29 2
1 3 17 18 19
2 2 20 1
2 2 20 2
3 2 24 3
3 2 26 4
2 2 26 5
2 2 25 6
2 2 25 7
3 2 21 8
3 2 27 9
1 2 27 10
1 2 18 11
3 2 23 12
2 2 20 13
3 2 28 14
1 2 28 15
1 2 22 16
3 3 0 21 24
1 3 0 11 27
1 3 0 22 23
2 4 24 1 2 13
3 3 17 8 25
1 3 19 16 28
3 3 19 12 26
3 3 17 3 20
2 3 21 6 7
3 3 23 4 5
3 3 18 9 10
3 3 22 14 15
41 2
3 2 28 33
2 2 32 1
2 2 32 2
3 2 35 3
3 2 30 4
2 2 36 5
2 2 36 6
3 2 28 7
3 2 35 8
3 2 35 9
3 2 32 10
2 2 32 11
2 2 27 12
3 2 40 13
3 2 40 14
3 2 38 15
3 2 38 16
2 2 34 17
2 2 34 18
2 2 34 19
2 2 38 20
3 2 39 21
1 2 39 22
1 2 39 23
3 2 37 24
1 2 37 25
1 2 37 26
2 4 33 12 32 35
3 4 0 7 30 31
1 3 33 39 40
3 4 28 4 36 37
2 3 28 34 38
2 5 27 1 2 10 11
2 3 0 27 29
2 4 31 17 18 19
3 4 27 3 8 9
2 3 30 5 6
1 4 30 24 25 26
3 4 31 15 20 16
1 4 29 21 22 23
3 3 29 13 14
46 2
2 3 28 29 31
2 2 32 1
2 2 32 2
3 2 33 3
2 2 33 4
2 2 33 5
3 2 30 6
3 2 42 7
2 2 42 8
3 2 37 9
3 2 43 10
3 2 30 11
3 2 38 12
3 2 38 13
2 2 32 14
3 2 39 15
3 2 43 16
2 2 40 17
2 2 40 18
2 2 41 19
2 2 41 20
3 2 44 21
1 2 44 22
1 2 34 23
3 2 45 24
1 2 45 25
1 2 35 26
2 4 31 32 33 38
2 3 0 36 39
1 4 0 34 35 37
3 3 31 6 11
2 3 0 27 30
2 4 27 1 2 14
2 4 27 4 5 3
1 3 29 23 44
1 3 29 26 45
2 3 28 40 41
3 3 29 9 42
3 3 27 12 13
3 3 28 15 43
2 3 36 17 18
2 3 36 19 20
3 3 37 7 8
3 3 39 10 16
3 3 34 21 22
3 3 35 24 25
32 2
2 2 28 29
2 2 24 1
2 2 24 2
3 2 24 3
3 2 26 4
2 2 26 5
3 2 20 6
3 2 30 7
1 2 30 8
1 2 21 9
2 2 26 10
3 2 27 11
3 2 25 12
2 2 25 13
2 2 25 14
3 2 27 15
2 2 27 16
3 2 31 17
1 2 31 18
1 2 23 19
2 4 29 6 24 26
1 3 29 9 30
2 3 28 25 27
1 3 28 19 31
2 4 20 1 2 3
2 4 22 13 14 12
2 4 20 4 10 5
3 4 22 11 16 15
2 3 0 22 23
2 3 0 20 21
3 3 21 7 8
3 3 23 17 18
32 2
2 2 21 29
2 2 24 1
2 2 24 2
3 2 24 3
3 2 31 4
2 2 31 5
3 2 30 6
3 2 23 7
1 2 23 8
1 2 23 9
2 2 27 10
3 2 22 11
2 2 25 12
3 2 25 13
3 2 26 14
2 2 28 15
3 2 28 16
2 2 28 17
1 2 26 18
1 2 25 19
2 3 29 24 28
2 3 0 27 30
3 4 29 11 25 26
1 4 30 7 8 9
2 4 20 1 2 3
3 4 22 13 19 12
3 3 22 14 18
2 3 21 10 31
2 4 20 15 16 17
2 3 0 20 22
3 3 21 6 23
3 3 27 4 5
31 2
2 3 18 19 20
2 2 26 1
2 2 26 2
2 2 22 3
3 2 28 4
3 2 24 5
2 2 22 6
2 2 27 7
3 2 27 8
2 2 25 9
2 2 25 10
3 2 29 11
2 2 29 12
3 2 23 13
2 2 28 14
3 2 30 15
1 2 30 16
1 2 20 17
2 3 0 22 24
2 3 0 21 23
1 3 0 17 30
2 3 19 25 27
2 4 18 3 6 26
3 3 19 13 29
3 3 18 5 28
2 3 21 9 10
2 3 22 1 2
2 3 21 7 8
3 3 24 4 14
3 3 23 11 12
3 3 20 15 16
35 2
2 2 30 32
2 2 26 1
2 2 26 2
3 2 26 3
2 2 27 4
2 2 27 5
3 2 27 6
3 2 33 7
2 2 28 8
2 2 28 9
3 2 28 10
2 2 23 11
3 2 33 12
3 2 31 13
1 2 31 14
1 2 31 15
3 2 29 16
1 2 29 17
1 2 29 18
3 2 34 19
1 2 34 20
1 2 25 21
2 3 32 26 27
2 4 30 11 28 29
1 3 30 31 33
1 3 32 21 34
2 4 22 1 2 3
2 4 22 4 5 6
2 4 23 8 9 10
1 4 23 16 17 18
2 3 0 23 24
1 4 24 13 14 15
2 3 0 22 25
3 3 24 7 12
3 3 25 19 20
41 2
1 3 27 28 32
2 2 30 1
2 2 30 2
3 2 39 3
3 2 39 4
3 2 29 5
2 2 31 6
2 2 31 7
3 2 31 8
3 2 31 9
3 2 30 10
2 2 30 11
2 2 30 12
3 2 26 13
3 2 40 14
1 2 40 15
1 2 27 16
2 2 35 17
3 2 35 18
3 2 33 19
3 2 38 20
3 2 36 21
2 2 37 22
2 2 37 23
1 2 36 24
1 2 38 25
2 4 32 13 30 31
1 3 0 16 40
3 4 0 33 34 35
3 3 32 5 39
2 6 26 1 2 10 11 12
2 5 26 6 7 8 9
2 3 0 26 29
3 3 28 19 38
3 3 28 36 37
2 3 28 17 18
3 3 34 21 24
2 3 34 22 23
3 3 33 20 25
3 3 29 3 4
3 3 27 14 15
38 2
3 3 25 26 32
2 2 30 1
2 2 30 2
2 2 30 3
3 2 24 4
3 2 31 5
2 2 30 6
2 2 31 7
2 2 31 8
3 2 36 9
3 2 27 10
3 2 34 11
3 2 29 12
3 2 25 13
2 2 36 14
2 2 33 15
2 2 33 16
2 2 35 17
3 2 35 18
3 2 29 19
2 2 34 20
3 2 37 21
1 2 37 22
1 2 26 23
2 4 32 4 30 31
3 4 0 13 28 29
1 3 0 23 37
3 3 32 10 36
2 3 25 33 35
3 4 25 19 12 34
2 5 24 1 2 3 6
2 4 24 7 8 5
2 3 0 24 27
2 3 28 15 16
3 3 29 11 20
2 3 28 17 18
3 3 27 9 14
3 3 26 21 22
33 2
1 3 20 21 28
2 2 24 1
2 2 24 2
3 2 30 3
2 2 30 4
3 2 27 5
2 2 27 6
3 2 27 7
3 2 25 8
3 2 29 9
2 2 24 10
3 2 31 11
1 2 31 12
1 2 21 13
3 2 26 14
1 2 26 15
1 2 26 16
3 2 32 17
1 2 32 18
1 2 23 19
3 3 0 25 29
1 3 0 13 31
1 3 28 26 27
1 3 28 19 32
2 4 29 1 2 10
3 3 20 8 30
1 4 22 14 15 16
3 4 22 5 6 7
1 3 0 22 23
3 3 20 9 24
3 3 25 3 4
3 3 21 11 12
3 3 23 17 18
30 2
3 3 18 19 20
2 2 26 1
2 2 26 2
3 2 21 3
3 2 24 4
2 2 24 5
3 2 28 6
3 2 29 7
1 2 29 8
1 2 19 9
2 2 24 10
3 2 25 11
3 2 22 12
2 2 27 13
2 2 27 14
3 2 23 15
2 2 23 16
1 2 23 17
3 3 0 21 28
1 3 0 9 29
3 3 0 22 25
3 3 18 3 26
3 3 20 12 27
3 4 25 15 17 16
2 4 28 4 10 5
3 3 20 11 23
2 3 21 1 2
2 3 22 13 14
3 3 18 6 24
3 3 19 7 8
39 2
3 3 25 26 36
2 2 30 1
2 2 30 2
3 2 30 3
2 2 30 4
3 2 31 5
2 2 31 6
2 2 31 7
3 2 33 8
1 2 33 9
2 2 33 10
2 2 34 11
2 2 34 12
3 2 35 13
2 2 32 14
2 2 32 15
3 2 29 16
2 2 35 17
3 2 37 18
1 2 37 19
1 2 26 20
3 2 38 21
1 2 38 22
1 2 27 23
2 3 36 30 31
3 3 0 28 29
1 3 0 20 37
1 3 36 23 38
3 3 25 33 34
3 4 25 16 32 35
2 5 24 1 2 3 4
2 4 24 6 7 5
2 3 29 14 15
3 4 28 8 9 10
2 3 28 11 12
3 3 29 13 17
2 3 0 24 27
3 3 26 18 19
3 3 27 21 22
35 2
3 3 23 24 30
2 2 27 1
2 2 27 2
3 2 27 3
3 2 28 4
2 2 28 5
3 2 28 6
3 2 33 7
1 2 33 8
1 2 22 9
3 2 29 10
1 2 29 11
3 2 32 12
3 2 31 13
2 2 26 14
2 2 26 15
3 2 26 16
2 2 32 17
3 2 34 18
1 2 34 19
1 2 24 20
2 3 30 27 28
1 3 30 9 33
3 3 0 25 31
1 3 0 20 34
3 3 23 29 32
2 4 31 14 15 16
2 4 21 1 2 3
3 4 21 4 5 6
3 3 25 10 11
2 3 0 21 22
3 3 23 13 26
3 3 25 12 17
3 3 22 7 8
3 3 24 18 19
33 2
2 2 21 30
2 2 32 1
2 2 32 2
2 2 27 3
3 2 29 4
3 2 31 5
2 2 31 6
3 2 22 7
2 2 24 8
2 2 24 9
2 2 24 10
3 2 28 11
3 2 28 12
3 2 23 13
3 2 25 14
3 2 25 15
2 2 28 16
1 2 25 17
3 2 26 18
1 2 26 19
1 2 26 20
2 3 0 27 29
3 4 30 7 24 28
3 4 30 13 25 26
2 4 22 8 9 10
3 4 23 15 17 14
1 4 23 18 19 20
2 3 21 3 32
3 4 22 11 16 12
3 3 21 4 31
3 3 0 22 23
3 3 29 5 6
2 3 27 1 2
40 2
2 3 24 25 26
2 2 36 1
2 2 36 2
2 2 30 3
3 2 31 4
3 2 38 5
2 2 30 6
2 2 38 7
3 2 27 8
2 2 27 9
2 2 27 10
3 2 29 11
3 2 37 12
2 2 32 13
2 2 32 14
3 2 28 15
3 2 29 16
3 2 27 17
3 2 28 18
2 2 35 19
2 2 35 20
3 2 39 21
1 2 33 22
1 2 39 23
2 3 0 30 31
3 3 0 28 34
1 3 0 33 37
2 5 34 9 10 8 17
3 4 25 18 15 35
3 3 34 11 16
2 4 24 3 6 36
3 3 24 4 38
2 3 37 13 14
1 3 26 22 39
2 3 25 27 29
2 3 28 19 20
2 3 30 1 2
3 3 26 12 32
3 3 31 5 7
3 3 33 21 23
32 2
2 2 28 29
2 2 24 1
2 2 24 2
3 2 26 3
3 2 26 4
3 2 20 5
2 2 24 6
3 2 30 7
1 2 30 8
1 2 21 9
3 2 25 10
2 2 25 11
2 2 25 12
3 2 27 13
2 2 27 14
3 2 27 15
2 2 26 16
3 2 31 17
1 2 31 18
1 2 23 19
3 4 29 5 24 26
1 3 29 9 30
2 3 28 25 27
1 3 28 19 31
2 4 20 1 2 6
2 4 22 11 12 10
3 4 20 3 16 4
3 4 22 13 14 15
2 3 0 22 23
3 3 0 20 21
3 3 21 7 8
3 3 23 17 18
50 2
1 5 29 30 31 32 33
2 2 39 1
2 2 39 2
3 2 45 3
3 2 33 4
2 2 44 5
3 2 44 6
3 2 37 7
3 2 45 8
3 2 38 9
3 2 36 10
3 2 41 11
2 2 41 12
3 2 43 13
3 2 43 14
2 2 40 15
2 2 40 16
3 2 46 17
1 2 35 18
1 2 46 19
3 2 47 20
1 2 47 21
1 2 31 22
3 2 48 23
1 2 48 24
1 2 32 25
3 2 49 26
1 2 49 27
1 2 42 28
3 3 0 36 38
2 4 0 34 35 37
1 3 0 22 47
1 3 0 25 48
3 3 0 4 42
2 3 30 40 43
1 3 30 18 46
3 4 29 10 39 41
3 3 30 7 44
3 3 29 9 45
2 3 36 1 2
2 3 34 15 16
3 3 36 11 12
1 3 33 28 49
3 3 34 13 14
2 3 37 5 6
3 3 38 3 8
3 3 35 17 19
3 3 31 20 21
3 3 32 23 24
3 3 42 26 27
40 2
2 2 34 37
2 2 31 1
2 2 31 2
3 2 32 3
2 2 32 4
2 2 32 5
3 2 39 6
3 2 39 7
3 2 32 8
3 2 27 9
3 2 31 10
2 2 31 11
2 2 31 12
3 2 29 13
3 2 35 14
3 2 35 15
3 2 35 16
2 2 33 17
2 2 33 18
2 2 33 19
2 2 33 20
3 2 38 21
1 2 38 22
1 2 38 23
3 2 36 24
1 2 36 25
1 2 36 26
2 4 34 9 31 32
2 3 37 33 35
3 3 37 13 38
1 3 34 36 39
2 6 27 1 2 10 11 12
2 5 27 4 5 3 8
2 5 28 17 18 19 20
2 3 0 27 30
3 4 28 14 15 16
1 4 30 24 25 26
2 3 0 28 29
1 4 29 21 22 23
3 3 30 6 7
28 2
2 2 17 25
2 2 24 1
2 2 24 2
2 2 20 3
3 2 22 4
3 2 26 5
2 2 20 6
2 2 26 7
3 2 23 8
3 2 21 9
2 2 21 10
2 2 21 11
3 2 23 12
2 2 23 13
3 2 27 14
1 2 27 15
1 2 19 16
2 3 0 20 22
2 3 25 21 23
1 3 25 16 27
2 4 17 3 6 24
2 4 18 10 11 9
3 3 17 4 26
3 4 18 8 13 12
2 3 20 1 2
2 3 0 18 19
3 3 22 5 7
3 3 19 14 15
38 2
2 3 24 26 31
2 2 35 1
2 2 35 2
3 2 29 3
2 2 29 4
2 2 29 5
2 2 29 6
3 2 32 7
3 2 32 8
3 2 36 9
2 2 36 10
3 2 27 11
3 2 27 12
2 2 33 13
3 2 33 14
2 2 30 15
3 2 30 16
2 2 30 17
2 2 30 18
3 2 33 19
2 2 33 20
3 2 37 21
1 2 37 22
1 2 26 23
2 3 0 28 34
2 3 31 30 33
1 3 0 23 37
3 3 31 11 12
2 3 24 35 36
2 5 34 4 5 6 3
2 5 25 17 18 16 15
2 3 0 25 27
3 3 34 7 8
3 5 25 13 14 19 20
2 3 24 29 32
2 3 28 1 2
3 3 28 9 10
3 3 26 21 22
31 2
2 2 27 28
2 2 23 1
2 2 23 2
3 2 23 3
2 2 24 4
2 2 24 5
3 2 24 6
3 2 26 7
2 2 25 8
2 2 25 9
3 2 25 10
2 2 26 11
2 2 26 12
3 2 29 13
1 2 29 14
1 2 21 15
3 2 30 16
1 2 30 17
1 2 22 18
2 3 27 23 24
2 3 28 25 26
1 3 28 15 29
1 3 27 18 30
2 4 19 1 2 3
2 4 19 4 5 6
2 4 20 8 9 10
2 4 20 11 12 7
2 3 0 19 22
2 3 0 20 21
3 3 21 13 14
3 3 22 16 17
31 2
2 3 18 19 20
2 2 26 1
2 2 26 2
2 2 22 3
3 2 28 4
3 2 24 5
2 2 22 6
2 2 27 7
3 2 27 8
2 2 25 9
2 2 25 10
3 2 29 11
2 2 29 12
3 2 23 13
2 2 28 14
3 2 30 15
1 2 30 16
1 2 20 17
2 3 0 22 24
2 3 0 21 23
1 3 0 17 30
2 3 19 25 27
2 4 18 3 6 26
3 3 19 13 29
3 3 18 5 28
2 3 21 9 10
2 3 22 1 2
2 3 21 7 8
3 3 24 4 14
3 3 23 11 12
3 3 20 15 16
32 2
2 2 27 30
2 2 24 1
2 2 24 2
3 2 25 3
2 2 25 4
2 2 25 5
2 2 23 6
3 2 23 7
3 2 28 8
3 2 28 9
2 2 24 10
3 2 29 11
3 2 29 12
3 2 29 13
2 2 26 14
2 2 26 15
2 2 26 16
3 2 31 17
1 2 31 18
1 2 22 19
2 4 27 24 25 28
2 3 30 26 29
1 3 30 19 31
2 3 27 6 7
2 4 20 1 2 10
2 4 20 4 5 3
2 4 21 14 15 16
2 3 0 20 23
3 3 20 8 9
3 4 21 11 12 13
2 3 0 21 22
3 3 22 17 18
22 2
1 3 13 14 15
2 2 19 1
2 2 19 2
3 2 18 3
2 2 18 4
3 2 17 5
2 2 16 6
3 2 20 7
1 2 20 8
1 2 14 9
3 2 21 10
1 2 21 11
1 2 15 12
2 3 0 16 17
1 3 0 9 20
1 3 0 12 21
2 3 13 6 19
3 3 13 5 18
3 3 17 3 4
2 3 16 1 2
3 3 14 7 8
3 3 15 10 11
41 2
1 4 27 28 30 37
2 2 32 1
2 2 32 2
2 2 32 3
3 2 35 4
3 2 35 5
2 2 32 6
3 2 33 7
2 2 34 8
2 2 34 9
3 2 31 10
3 2 36 11
3 2 33 12
3 2 35 13
3 2 29 14
3 2 27 15
2 2 36 16
3 2 39 17
1 2 39 18
1 2 28 19
3 2 38 20
1 2 38 21
1 2 38 22
3 2 40 23
1 2 40 24
1 2 30 25
2 3 37 32 35
3 4 0 15 31 33
1 3 0 19 39
3 3 37 14 38
1 3 0 25 40
3 4 27 10 34 36
2 5 26 1 2 3 6
3 3 27 7 12
2 3 31 8 9
3 4 26 4 5 13
3 3 31 11 16
2 3 0 26 29
1 4 29 20 21 22
3 3 28 17 18
3 3 30 23 24
29 2
2 3 17 18 19
2 2 25 1
2 2 25 2
2 2 20 3
3 2 27 4
2 2 27 5
3 2 23 6
2 2 26 7
3 2 26 8
2 2 24 9
2 2 24 10
3 2 23 11
3 2 22 12
2 2 20 13
3 2 28 14
1 2 28 15
1 2 19 16
2 3 0 20 22
2 3 0 21 23
1 3 0 16 28
2 4 17 3 13 25
2 3 18 24 26
3 3 17 12 27
3 3 18 6 11
2 3 21 9 10
2 3 20 1 2
2 3 21 7 8
3 3 22 4 5
3 3 19 14 15
40 2
2 3 25 26 34
2 2 28 1
2 2 28 2
2 2 28 3
3 2 31 4
3 2 31 5
2 2 28 6
2 2 31 7
3 2 34 8
3 2 32 9
2 2 35 10
2 2 35 11
2 2 36 12
2 2 36 13
3 2 38 14
2 2 38 15
3 2 33 16
3 2 30 17
3 2 30 18
2 2 30 19
3 2 33 20
3 2 39 21
1 2 39 22
1 2 27 23
2 3 34 28 31
2 3 0 29 32
1 3 0 27 37
1 3 26 23 39
2 5 24 1 2 3 6
2 3 25 35 36
3 4 37 18 19 17
3 4 24 5 7 4
3 3 25 9 38
3 3 37 16 20
3 3 0 8 24
2 3 29 10 11
2 3 29 12 13
3 3 26 30 33
3 3 32 14 15
3 3 27 21 22
38 2
2 2 24 33
2 2 35 1
2 2 35 2
2 2 29 3
3 2 36 4
2 2 36 5
3 2 34 6
3 2 34 7
2 2 27 8
2 2 27 9
2 2 27 10
3 2 30 11
3 2 32 12
3 2 32 13
2 2 32 14
3 2 34 15
2 2 37 16
3 2 37 17
2 2 29 18
3 2 30 19
2 2 30 20
3 2 28 21
1 2 28 22
1 2 28 23
2 3 0 29 31
2 4 33 27 28 30
3 3 33 32 34
2 4 25 8 9 10
1 4 25 21 22 23
2 4 24 18 3 35
3 4 25 11 20 19
3 3 24 36 37
3 4 26 13 14 12
2 3 0 25 26
3 4 26 6 7 15
2 3 29 1 2
3 3 31 4 5
2 3 31 16 17
29 2
2 3 17 18 19
2 2 25 1
2 2 25 2
2 2 20 3
3 2 27 4
3 2 22 5
2 2 20 6
3 2 23 7
2 2 26 8
3 2 26 9
2 2 24 10
2 2 24 11
3 2 23 12
2 2 27 13
3 2 28 14
1 2 28 15
1 2 19 16
2 3 0 20 22
2 3 0 21 23
1 3 0 16 28
2 4 17 3 6 25
2 3 18 24 26
3 3 17 5 27
3 3 18 7 12
2 3 21 10 11
2 3 20 1 2
2 3 21 8 9
3 3 22 4 13
3 3 19 14 15
34 2
2 2 21 29
1 2 33 1
3 2 33 2
1 2 33 3
2 2 24 4
3 2 32 5
2 2 31 6
2 2 31 7
3 2 28 8
3 2 28 9
2 2 32 10
2 2 28 11
3 2 30 12
3 2 30 13
2 2 26 14
2 2 26 15
3 2 26 16
2 2 22 17
3 2 27 18
1 2 27 19
1 2 27 20
2 3 0 24 25
2 4 29 17 26 27
3 3 29 28 30
2 3 21 4 33
2 3 21 31 32
2 4 22 14 15 16
1 4 22 18 20 19
3 4 23 9 11 8
2 3 0 22 23
3 3 23 12 13
2 3 25 6 7
3 3 25 5 10
1 4 24 1 2 3
38 2
2 2 24 34
2 2 37 1
2 2 37 2
2 2 31 3
3 2 35 4
3 2 36 5
2 2 36 6
3 2 32 7
2 2 27 8
2 2 27 9
2 2 27 10
3 2 30 11
3 2 32 12
3 2 32 13
3 2 33 14
3 2 33 15
2 2 28 16
2 2 28 17
3 2 28 18
2 2 28 19
2 2 30 20
3 2 29 21
1 2 29 22
1 2 29 23
2 3 0 31 35
2 4 34 27 28 30
3 4 34 29 32 33
2 4 25 8 9 10
2 5 25 16 17 18 19
1 4 26 21 22 23
3 3 25 11 20
2 3 24 3 37
3 4 26 7 12 13
3 3 26 14 15
2 3 0 25 26
3 3 24 4 36
3 3 35 5 6
2 3 31 1 2
40 2
3 2 28 36
2 2 29 1
2 2 29 2
3 2 35 3
3 2 39 4
3 2 32 5
2 2 34 6
3 2 34 7
3 2 35 8
3 2 35 9
3 2 29 10
2 2 29 11
2 2 26 12
3 2 27 13
3 2 30 14
2 2 30 15
2 2 30 16
3 2 31 17
1 2 31 18
1 2 31 19
3 2 32 20
3 2 37 21
2 2 38 22
2 2 38 23
1 2 37 24
1 2 32 25
2 4 36 12 29 35
2 5 36 13 30 31 34
3 3 0 33 39
2 5 26 1 2 10 11
2 4 27 15 16 14
1 4 27 17 18 19
3 4 39 20 25 5
3 3 28 37 38
2 3 27 6 7
3 4 26 3 8 9
2 3 0 26 27
3 3 33 21 24
2 3 33 22 23
3 3 28 4 32
36 2
2 3 20 21 22
2 2 33 1
2 2 33 2
3 2 26 3
3 2 34 4
3 2 27 5
2 2 24 6
2 2 29 7
2 2 29 8
3 2 30 9
3 2 34 10
3 2 32 11
2 2 32 12
3 2 28 13
2 2 30 14
3 2 35 15
1 2 35 16
1 2 25 17
2 2 31 18
2 2 31 19
2 3 0 24 26
2 3 0 23 27
1 3 0 25 28
2 3 21 29 30
2 3 20 6 33
1 3 22 17 35
3 3 20 3 31
3 3 21 5 34
3 3 22 13 32
2 3 23 7 8
3 3 23 9 14
2 3 26 18 19
3 3 28 11 12
2 3 24 1 2
3 3 27 4 10
3 3 25 15 16
38 2
2 3 24 26 30
2 2 36 1
2 2 36 2
2 2 31 3
3 2 32 4
3 2 35 5
2 2 35 6
3 2 33 7
2 2 28 8
2 2 28 9
2 2 28 10
3 2 28 11
3 2 33 12
3 2 34 13
3 2 34 14
2 2 29 15
2 2 29 16
3 2 29 17
3 2 29 18
2 2 29 19
2 2 28 20
3 2 37 21
1 2 37 22
1 2 26 23
2 3 0 31 32
2 3 30 28 29
1 3 0 23 37
3 3 30 33 34
2 6 25 8 9 10 11 20
2 6 25 15 16 17 18 19
2 3 0 25 27
2 3 24 3 36
3 3 24 4 35
3 3 27 7 12
3 3 27 13 14
3 3 32 5 6
2 3 31 1 2
3 3 26 21 22
33 2
2 2 24 29
2 2 26 1
2 2 26 2
3 2 27 3
2 2 27 4
2 2 27 5
3 2 30 6
2 2 25 7
2 2 25 8
2 2 25 9
3 2 28 10
3 2 30 11
3 2 31 12
3 2 31 13
2 2 26 14
2 2 28 15
3 2 28 16
3 2 32 17
1 2 32 18
1 2 22 19
2 3 24 26 27
2 3 29 25 28
1 3 29 19 32
3 3 24 30 31
2 3 0 20 23
2 4 21 7 8 9
2 4 20 1 2 14
2 4 20 4 5 3
3 4 21 15 16 10
2 3 0 21 22
3 3 23 6 11
3 3 23 12 13
3 3 22 17 18
33 2
1 3 20 21 28
2 2 24 1
2 2 24 2
3 2 30 3
2 2 30 4
3 2 27 5
3 2 27 6
2 2 27 7
3 2 25 8
3 2 29 9
2 2 24 10
3 2 31 11
1 2 31 12
1 2 21 13
3 2 26 14
1 2 26 15
1 2 26 16
3 2 32 17
1 2 32 18
1 2 23 19
3 3 0 25 29
1 3 0 13 31
1 3 28 26 27
1 3 28 19 32
2 4 29 1 2 10
3 3 20 8 30
1 4 22 14 15 16
3 4 22 6 7 5
1 3 0 22 23
3 3 20 9 24
3 3 25 3 4
3 3 21 11 12
3 3 23 17 18
40 2
1 2 28 36
2 2 29 1
2 2 29 2
3 2 35 3
3 2 37 4
2 2 37 5
3 2 34 6
3 2 27 7
3 2 35 8
3 2 35 9
3 2 29 10
2 2 29 11
2 2 26 12
3 2 27 13
3 2 30 14
2 2 30 15
2 2 30 16
3 2 31 17
1 2 31 18
1 2 31 19
3 2 38 20
1 2 38 21
1 2 32 22
3 2 39 23
1 2 39 24
1 2 33 25
2 4 36 12 29 35
3 5 36 13 7 30 31
1 4 0 32 33 34
2 5 26 1 2 10 11
2 4 27 15 16 14
1 4 27 17 18 19
1 3 28 22 38
1 3 28 25 39
3 3 28 6 37
3 4 26 3 8 9
2 3 0 26 27
3 3 34 4 5
3 3 32 20 21
3 3 33 23 24
31 2
1 2 23 29
1 2 25 1
2 2 25 2
3 2 28 3
2 2 27 4
2 2 27 5
3 2 22 6
3 2 22 7
2 2 28 8
2 2 26 9
3 2 26 10
3 2 24 11
2 2 24 12
2 2 24 13
3 2 20 14
2 2 26 15
3 2 30 16
1 2 30 17
1 2 21 18
1 4 23 25 27 28
2 4 29 14 24 26
1 3 29 18 30
3 3 23 6 7
1 3 0 19 22
2 4 20 12 13 11
1 3 19 1 2
2 4 20 9 10 15
2 3 19 4 5
3 3 19 3 8
2 3 0 20 21
3 3 21 16 17
27 2
2 2 17 24
2 2 20 1
2 2 20 2
3 2 25 3
2 2 26 4
2 2 26 5
2 2 19 6
3 2 21 7
3 2 25 8
3 2 22 9
2 2 20 10
2 2 22 11
3 2 18 12
3 2 23 13
1 2 23 14
1 2 23 15
2 3 24 20 22
2 3 0 19 21
3 3 24 12 23
2 3 17 6 26
2 4 16 1 2 10
3 3 17 7 25
3 3 16 9 11
1 4 18 13 14 15
2 3 0 16 18
3 3 21 3 8
2 3 19 4 5
28 0
2 2 17 24
2 2 20 1
2 2 20 2
3 2 25 3
2 2 21 4
3 2 26 5
2 2 20 6
1 2 26 7
3 2 23 8
2 2 22 9
2 2 22 10
2 2 22 11
3 2 23 12
2 2 23 13
3 2 27 14
1 2 27 15
1 2 19 16
2 3 0 21 25
2 3 24 22 23
1 3 24 16 27
2 4 25 1 2 6
2 3 17 4 26
2 4 18 9 10 11
3 4 18 8 13 12
2 3 0 18 19
3 3 17 3 20
3 3 21 5 7
3 3 19 14 15
41 0
1 4 29 30 35 36
2 2 31 1
2 2 31 2
3 2 34 3
3 2 34 4
3 2 34 5
2 2 31 6
3 2 37 7
1 2 37 8
1 2 26 9
3 2 32 10
2 2 32 11
2 2 32 12
3 2 33 13
2 2 33 14
3 2 33 15
3 2 38 16
1 2 38 17
1 2 28 18
3 2 39 19
1 2 39 20
1 2 29 21
3 2 40 22
1 2 40 23
1 2 30 24
2 3 35 31 34
1 3 35 9 37
2 3 36 32 33
1 3 36 18 38
1 3 0 21 39
1 3 0 24 40
2 4 25 1 2 6
2 4 27 11 12 10
3 4 27 13 14 15
3 4 25 3 4 5
2 3 0 25 26
2 3 0 27 28
3 3 26 7 8
3 3 28 16 17
3 3 29 19 20
3 3 30 22 23
21 0
2 2 12 13
2 2 17 1
2 2 17 2
3 2 18 3
2 2 15 4
2 2 15 5
3 2 19 6
2 2 14 7
1 2 14 8
3 2 20 9
1 2 20 10
1 2 16 11
2 3 0 17 19
1 3 0 16 18
2 3 19 7 8
2 3 18 4 5
1 3 13 11 20
2 3 12 1 2
3 3 13 3 15
3 3 12 6 14
3 3 16 9 10
24 0
1 2 15 22
2 2 18 1
2 2 18 2
3 2 19 3
3 2 16 4
2 2 20 5
3 2 20 6
3 2 23 7
1 2 23 8
1 2 17 9
3 2 21 10
1 2 21 11
1 2 21 12
1 2 19 13
2 3 22 18 19
1 3 0 17 20
3 3 22 4 21
1 3 15 9 23
2 3 14 1 2
3 3 14 3 13
2 3 15 5 6
1 4 16 10 11 12
2 3 0 14 16
3 3 17 7 8
28 0
2 2 17 25
2 2 24 1
2 2 24 2
2 2 20 3
3 2 26 4
3 2 21 5
2 2 20 6
3 2 23 7
2 2 22 8
2 2 22 9
3 2 22 10
2 2 23 11
2 2 23 12
3 2 27 13
1 2 27 14
1 2 19 15
1 2 26 16
2 3 0 20 21
2 3 25 22 23
1 3 25 15 27
2 4 17 3 6 24
3 3 17 5 26
2 4 18 8 9 10
2 4 18 11 12 7
2 3 20 1 2
2 3 0 18 19
3 3 21 4 16
3 3 19 13 14
19 0
2 2 11 16
2 2 14 1
2 2 14 2
3 2 17 3
2 2 15 4
2 2 13 5
3 2 13 6
3 2 18 7
1 2 18 8
1 2 12 9
1 2 17 10
2 3 0 14 15
1 3 16 9 18
2 3 16 5 6
2 3 11 1 2
2 3 11 4 17
1 3 0 12 13
3 3 15 3 10
3 3 12 7 8
35 0
2 2 29 32
2 2 26 1
2 2 26 2
2 2 26 3
3 2 30 4
3 2 30 5
2 2 30 6
3 2 33 7
2 2 27 8
2 2 27 9
3 2 27 10
2 2 23 11
3 2 33 12
3 2 31 13
1 2 31 14
1 2 31 15
3 2 28 16
1 2 28 17
1 2 28 18
3 2 34 19
1 2 34 20
1 2 25 21
2 3 32 26 30
2 4 29 11 27 28
1 3 29 31 33
1 3 32 21 34
2 4 22 1 2 3
2 4 23 8 9 10
1 4 23 16 17 18
2 3 0 23 24
3 4 22 5 6 4
1 4 24 13 14 15
2 3 0 22 25
3 3 24 7 12
3 3 25 19 20
24 0
1 3 14 15 16
1 2 19 1
3 2 19 2
3 2 17 3
2 2 21 4
2 2 21 5
3 2 22 6
2 2 22 7
3 2 18 8
2 2 20 9
2 2 20 10
3 2 23 11
1 2 23 12
1 2 16 13
1 3 0 19 20
3 3 0 17 18
1 3 0 13 23
3 3 15 3 21
3 3 15 8 22
1 3 14 1 2
2 3 14 9 10
2 3 17 4 5
3 3 18 6 7
3 3 16 11 12
32 0
1 3 18 19 20
1 2 26 1
3 2 26 2
2 2 27 3
2 2 27 4
2 2 29 5
2 2 29 6
3 2 24 7
3 2 28 8
2 2 25 9
2 2 25 10
3 2 22 11
3 2 30 12
2 2 28 13
1 2 30 14
3 2 31 15
1 2 31 16
1 2 20 17
1 3 0 23 24
2 3 0 21 22
1 3 0 17 31
2 3 19 25 28
3 3 19 11 30
1 3 18 26 27
3 3 18 7 29
2 3 21 9 10
1 3 23 1 2
2 3 23 3 4
3 3 21 8 13
2 3 24 5 6
3 3 22 12 14
3 3 20 15 16
21 0
1 2 12 13
2 2 14 1
2 2 14 2
3 2 18 3
3 2 19 4
2 2 16 5
3 2 17 6
1 2 17 7
1 2 19 8
3 2 20 9
1 2 20 10
1 2 15 11
1 3 0 15 18
2 3 0 16 17
2 3 18 1 2
1 3 12 11 20
2 3 13 5 19
3 3 13 6 7
3 3 12 3 14
3 3 16 4 8
3 3 15 9 10
25 0
2 2 15 24
2 2 19 1
2 2 19 2
3 2 23 3
3 2 17 4
2 2 21 5
3 2 21 6
3 2 20 7
1 2 20 8
1 2 20 9
3 2 22 10
1 2 22 11
1 2 22 12
2 2 18 13
1 2 18 14
2 3 0 19 23
1 3 24 20 21
3 3 24 4 22
2 3 23 13 14
2 3 15 1 2
1 4 16 7 8 9
2 3 16 5 6
1 4 17 10 11 12
3 3 15 3 18
1 3 0 16 17
21 0
2 2 12 13
1 2 14 1
2 2 14 2
3 2 19 3
2 2 17 4
2 2 17 5
2 2 15 6
2 2 15 7
3 2 18 8
3 2 20 9
1 2 20 10
1 2 16 11
2 3 0 17 19
1 3 0 16 18
1 3 19 1 2
2 3 18 6 7
1 3 13 11 20
2 3 12 4 5
3 3 13 8 15
3 3 12 3 14
3 3 16 9 10
34 0
2 3 20 21 22
2 2 29 1
2 2 29 2
2 2 26 3
3 2 32 4
2 2 32 5
2 2 26 6
2 2 27 7
2 2 23 8
3 2 31 9
1 2 31 10
3 2 30 11
2 2 28 12
2 2 28 13
3 2 25 14
2 2 25 15
2 2 30 16
3 2 33 17
1 2 33 18
1 2 22 19
2 3 0 26 27
2 4 0 23 24 25
1 3 0 19 33
2 3 21 8 31
2 3 21 28 30
3 3 21 14 15
2 4 20 3 6 29
2 3 20 7 32
2 3 24 12 13
2 3 26 1 2
3 3 24 11 16
3 3 23 9 10
3 3 27 4 5
3 3 22 17 18
21 0
2 2 12 13
2 2 17 1
2 2 15 2
2 2 15 3
3 2 18 4
3 2 19 5
2 2 17 6
2 2 14 7
1 2 14 8
3 2 20 9
1 2 20 10
1 2 16 11
2 3 0 17 19
1 3 0 16 18
2 3 19 7 8
2 3 18 2 3
1 3 13 11 20
2 3 12 1 6
3 3 13 4 15
3 3 12 5 14
3 3 16 9 10
36 0
3 3 22 23 24
2 2 28 1
3 2 29 2
3 2 34 3
2 2 27 4
3 2 27 5
3 2 28 6
1 2 28 7
1 2 27 8
2 2 34 9
3 2 26 10
3 2 32 11
2 2 30 12
3 2 30 13
3 2 26 14
3 2 31 15
1 2 31 16
3 2 35 17
1 2 35 18
1 2 24 19
1 2 30 20
2 2 32 21
3 3 0 29 33
3 3 0 25 26
1 3 0 19 35
3 3 23 30 32
3 4 23 10 14 31
3 4 33 5 8 4
3 4 33 6 7 1
3 3 22 2 34
3 4 25 13 20 12
3 3 26 15 16
3 3 25 11 21
3 3 22 27 28
3 3 29 3 9
3 3 24 17 18
21 0
1 2 14 19
2 2 16 1
2 2 16 2
3 2 17 3
3 2 15 4
2 2 18 5
3 2 18 6
3 2 20 7
1 2 20 8
1 2 14 9
1 2 15 10
1 2 17 11
2 3 19 16 17
3 3 19 15 18
1 3 0 9 20
3 3 13 4 10
2 3 12 1 2
3 3 12 3 11
2 3 13 5 6
2 3 0 12 13
3 3 14 7 8
24 0
2 3 14 15 16
1 2 19 1
3 2 19 2
2 2 22 3
3 2 21 4
2 2 21 5
3 2 18 6
2 2 20 7
2 2 20 8
3 2 17 9
2 2 14 10
3 2 23 11
1 2 23 12
1 2 16 13
2 3 0 10 22
3 3 0 17 18
1 3 0 13 23
3 3 15 9 20
3 3 15 6 21
1 3 22 1 2
2 3 17 7 8
3 3 18 4 5
2 3 14 3 19
3 3 16 11 12
21 0
1 2 14 19
2 2 16 1
2 2 16 2
3 2 17 3
3 2 18 4
2 2 18 5
3 2 15 6
1 2 15 7
3 2 20 8
1 2 20 9
1 2 14 10
1 2 17 11
2 3 19 16 17
3 3 19 15 18
1 3 0 10 20
3 3 13 6 7
2 3 12 1 2
3 3 12 3 11
3 3 13 4 5
2 3 0 12 13
3 3 14 8 9
20 0
1 2 14 18
2 2 15 1
2 2 15 2
3 2 12 3
3 2 16 4
3 2 17 5
2 2 12 6
1 2 17 7
1 2 16 8
3 2 19 9
1 2 19 10
1 2 14 11
2 4 18 6 3 15
3 3 18 16 17
1 3 0 11 19
2 3 12 1 2
3 3 13 4 8
3 3 13 5 7
2 3 0 12 13
3 3 14 9 10
34 0
3 2 22 29
2 2 30 1
3 2 30 2
3 2 26 3
2 2 26 4
3 2 32 5
3 2 23 6
2 2 33 7
3 2 33 8
2 2 24 9
3 2 24 10
3 2 25 11
2 2 25 12
3 2 27 13
2 2 32 14
1 2 25 15
1 2 24 16
1 2 26 17
3 2 28 18
1 2 28 19
1 2 28 20
3 4 29 26 28 30
3 3 0 27 31
3 3 29 6 32
3 4 31 10 16 9
3 4 31 11 15 12
3 4 21 3 17 4
3 3 22 13 33
1 4 21 18 19 20
3 3 0 21 23
2 3 21 1 2
3 3 22 24 25
3 3 23 5 14
2 3 27 7 8
23 0
2 2 13 20
1 2 21 1
2 2 21 2
2 2 16 3
3 2 18 4
2 2 18 5
2 2 17 6
2 2 17 7
2 2 19 8
3 2 19 9
3 2 22 10
1 2 22 11
1 2 15 12
2 3 0 16 18
2 3 20 17 19
1 3 20 12 22
2 3 13 3 21
2 3 14 6 7
3 3 13 4 5
2 3 14 8 9
2 3 0 14 15
1 3 16 1 2
3 3 15 10 11
21 0
1 2 14 19
2 2 16 1
2 2 16 2
3 2 17 3
3 2 18 4
2 2 18 5
3 2 15 6
1 2 15 7
3 2 20 8
1 2 20 9
1 2 14 10
1 2 17 11
2 3 19 16 17
3 3 19 15 18
1 3 0 10 20
3 3 13 6 7
2 3 12 1 2
3 3 12 3 11
3 3 13 4 5
2 3 0 12 13
3 3 14 8 9
24 0
2 3 14 15 16
1 2 19 1
3 2 19 2
2 2 22 3
3 2 21 4
2 2 21 5
3 2 18 6
2 2 20 7
2 2 20 8
3 2 17 9
2 2 14 10
3 2 23 11
1 2 23 12
1 2 16 13
2 3 0 10 22
3 3 0 17 18
1 3 0 13 23
3 3 15 9 20
3 3 15 6 21
1 3 22 1 2
2 3 17 7 8
3 3 18 4 5
2 3 14 3 19
3 3 16 11 12
24 0
1 3 14 15 16
1 2 19 1
3 2 19 2
3 2 22 3
2 2 22 4
3 2 18 5
2 2 21 6
2 2 21 7
3 2 17 8
2 2 20 9
2 2 20 10
3 2 23 11
1 2 23 12
1 2 16 13
1 3 0 19 20
3 3 0 17 18
1 3 0 13 23
3 3 15 8 21
3 3 15 5 22
1 3 14 1 2
2 3 14 9 10
2 3 17 6 7
3 3 18 3 4
3 3 16 11 12
23 0
3 2 15 21
1 2 17 1
3 2 17 2
2 2 18 3
2 2 18 4
3 2 15 5
3 2 20 6
2 2 20 7
2 2 16 8
1 2 16 9
3 2 22 10
1 2 22 11
1 2 19 12
2 3 21 16 20
1 3 21 17 18
3 3 0 5 19
2 3 13 8 9
1 3 14 1 2
2 3 14 3 4
1 3 15 12 22
3 3 13 6 7
2 3 0 13 14
3 3 19 10 11
23 0
1 2 14 16
2 2 19 1
2 2 19 2
3 2 15 3
3 2 15 4
2 2 21 5
3 2 21 6
2 2 18 7
3 2 22 8
1 2 22 9
1 2 17 10
2 2 20 11
2 2 20 12
2 3 16 19 20
1 3 0 17 18
3 3 16 3 4
2 3 0 13 15
1 3 14 10 22
2 3 14 7 21
2 3 13 1 2
2 3 13 11 12
2 3 18 5 6
3 3 17 8 9
25 0
2 2 15 24
1 2 18 1
2 2 18 2
3 2 23 3
2 2 19 4
2 2 19 5
3 2 17 6
2 2 21 7
3 2 21 8
3 2 20 9
1 2 20 10
1 2 20 11
3 2 22 12
1 2 22 13
1 2 22 14
2 3 0 19 23
1 3 24 20 21
3 3 24 6 22
1 3 23 1 2
2 3 15 4 5
1 4 16 9 10 11
2 3 16 7 8
1 4 17 12 13 14
3 3 15 3 18
1 3 0 16 17
21 0
1 2 14 17
2 2 15 1
2 2 15 2
3 2 15 3
3 2 17 4
2 2 19 5
3 2 19 6
3 2 20 7
1 2 20 8
1 2 18 9
2 2 16 10
2 2 16 11
2 2 16 12
2 3 17 15 16
1 3 0 18 19
2 4 13 1 2 3
2 4 13 10 11 12
3 3 0 4 13
1 3 14 9 20
2 3 14 5 6
3 3 18 7 8
26 0
1 2 16 22
2 2 21 1
3 2 21 2
2 2 20 3
3 2 20 4
3 2 18 5
3 2 23 6
3 2 24 7
1 2 24 8
1 2 19 9
1 2 18 10
1 2 20 11
3 2 25 12
1 2 25 13
1 2 17 14
3 3 22 20 21
1 3 0 19 23
1 3 22 14 25
3 3 23 5 10
1 3 16 9 24
3 4 15 4 11 3
2 3 15 1 2
3 3 0 15 17
3 3 16 6 18
3 3 19 7 8
3 3 17 12 13
20 0
1 2 13 18
1 2 14 1
2 2 14 2
3 2 16 3
2 2 16 4
2 2 17 5
3 2 17 6
2 2 18 7
2 2 16 8
3 2 19 9
1 2 19 10
1 2 15 11
1 3 18 14 16
1 3 0 15 17
1 3 12 1 2
1 3 13 11 19
2 4 12 3 8 4
2 3 13 5 6
2 3 0 7 12
3 3 15 9 10
36 0
3 2 23 31
2 2 27 1
3 2 30 2
3 2 35 3
2 2 26 4
3 2 26 5
3 2 27 6
1 2 27 7
1 2 26 8
2 2 35 9
3 2 24 10
3 2 28 11
3 2 28 12
3 2 24 13
3 2 32 14
3 2 33 15
1 2 33 16
1 2 32 17
3 2 29 18
1 2 29 19
1 2 29 20
1 2 28 21
2 2 28 22
3 3 0 30 34
3 5 31 10 13 28 29
3 3 31 32 33
3 4 34 5 8 4
3 4 34 6 7 1
3 5 24 12 21 11 22
1 4 24 18 19 20
3 3 23 2 35
3 3 0 24 25
3 3 25 14 17
3 3 25 15 16
3 3 23 26 27
3 3 30 3 9
41 0
1 4 23 24 25 26
2 2 31 1
2 2 31 2
3 2 35 3
2 2 35 4
2 2 36 5
3 2 36 6
2 2 32 7
2 2 32 8
3 2 33 9
1 2 33 10
3 2 37 11
2 2 34 12
2 2 34 13
3 2 38 14
2 2 38 15
2 2 37 16
3 2 39 17
1 2 39 18
1 2 25 19
3 2 40 20
1 2 40 21
1 2 26 22
2 3 0 27 28
3 3 0 29 30
1 3 0 19 39
1 3 0 22 40
2 3 23 31 35
2 3 23 32 36
3 3 24 33 37
2 3 24 34 38
2 3 27 1 2
2 3 28 7 8
3 3 29 9 10
2 3 30 12 13
3 3 27 3 4
2 3 28 5 6
3 3 29 11 16
3 3 30 14 15
3 3 25 17 18
3 3 26 20 21
21 0
2 2 12 13
2 2 19 1
2 2 19 2
3 2 17 3
3 2 18 4
3 2 14 5
2 2 16 6
1 2 14 7
3 2 20 8
1 2 20 9
1 2 15 10
1 2 17 11
2 3 0 16 17
1 3 0 15 18
3 3 18 5 7
1 3 13 10 20
2 3 12 6 19
3 3 12 3 11
3 3 13 4 14
2 3 16 1 2
3 3 15 8 9
21 0
1 2 14 19
2 2 16 1
2 2 16 2
3 2 17 3
3 2 18 4
2 2 18 5
3 2 15 6
1 2 15 7
3 2 20 8
1 2 20 9
1 2 14 10
1 2 17 11
2 3 19 16 17
3 3 19 15 18
1 3 0 10 20
3 3 13 6 7
2 3 12 1 2
3 3 12 3 11
3 3 13 4 5
2 3 0 12 13
3 3 14 8 9
25 0
2 3 15 16 17
1 2 21 1
3 2 21 2
2 2 19 3
2 2 15 4
3 2 22 5
2 2 23 6
2 2 23 7
2 2 18 8
3 2 20 9
3 2 22 10
2 2 15 11
3 2 24 12
1 2 24 13
1 2 17 14
2 4 0 11 4 19
2 3 0 18 20
1 3 0 14 24
2 3 16 8 23
2 3 15 3 21
3 3 16 9 22
1 3 19 1 2
3 3 20 5 10
2 3 18 6 7
3 3 17 12 13
25 0
1 2 14 20
2 2 17 1
2 2 17 2
3 2 22 3
3 2 21 4
2 2 21 5
3 2 19 6
1 2 19 7
3 2 23 8
1 2 23 9
1 2 16 10
3 2 24 11
1 2 18 12
1 2 24 13
1 3 0 18 22
3 3 20 19 21
1 3 20 10 23
2 3 22 1 2
1 3 14 12 24
3 3 15 6 7
3 3 0 15 16
3 3 15 4 5
3 3 14 3 17
3 3 16 8 9
3 3 18 11 13
21 0
1 2 14 17
2 2 15 1
2 2 15 2
3 2 15 3
3 2 17 4
2 2 19 5
3 2 19 6
3 2 20 7
1 2 20 8
1 2 18 9
2 2 16 10
2 2 16 11
2 2 16 12
2 3 17 15 16
1 3 0 18 19
2 4 13 1 2 3
2 4 13 10 11 12
3 3 0 4 13
1 3 14 9 20
2 3 14 5 6
3 3 18 7 8
29 0
2 3 17 18 19
2 2 25 1
2 2 25 2
2 2 20 3
3 2 27 4
2 2 27 5
3 2 23 6
2 2 24 7
2 2 24 8
3 2 26 9
2 2 26 10
3 2 23 11
3 2 22 12
2 2 20 13
3 2 28 14
1 2 28 15
1 2 19 16
2 3 0 20 22
2 3 0 21 23
1 3 0 16 28
2 4 17 3 13 25
2 3 18 24 26
3 3 17 12 27
3 3 18 6 11
2 3 21 7 8
2 3 20 1 2
3 3 21 9 10
3 3 22 4 5
3 3 19 14 15
24 0
2 3 14 15 16
2 2 19 1
2 2 19 2
3 2 22 3
2 2 22 4
3 2 18 5
2 2 21 6
2 2 21 7
3 2 17 8
2 2 20 9
2 2 20 10
3 2 23 11
1 2 23 12
1 2 16 13
2 3 0 19 20
3 3 0 17 18
1 3 0 13 23
3 3 15 8 21
3 3 15 5 22
2 3 14 1 2
2 3 14 9 10
2 3 17 6 7
3 3 18 3 4
3 3 16 11 12
25 0
2 2 18 22
2 2 19 1
2 2 19 2
3 2 17 3
2 2 20 4
2 2 20 5
2 2 21 6
2 2 21 7
3 2 17 8
3 2 23 9
2 2 23 10
3 2 24 11
1 2 24 12
1 2 16 13
2 3 22 19 23
2 3 18 20 21
1 3 22 13 24
3 3 18 3 8
2 3 0 15 17
2 3 14 1 2
2 3 15 4 5
2 3 15 6 7
2 3 0 14 16
3 3 14 9 10
3 3 16 11 12
24 0
2 3 14 15 16
2 2 19 1
2 2 19 2
2 2 22 3
3 2 21 4
2 2 21 5
3 2 18 6
2 2 20 7
2 2 20 8
3 2 17 9
2 2 14 10
3 2 23 11
1 2 23 12
1 2 16 13
2 3 0 10 22
3 3 0 17 18
1 3 0 13 23
3 3 15 9 20
3 3 15 6 21
2 3 22 1 2
2 3 17 7 8
3 3 18 4 5
2 3 14 3 19
3 3 16 11 12
26 0
2 2 16 22
1 2 20 1
3 2 20 2
2 2 20 3
3 2 19 4
2 2 24 5
2 2 24 6
2 2 18 7
2 2 23 8
3 2 23 9
2 2 21 10
3 2 21 11
3 2 25 12
1 2 25 13
1 2 17 14
1 3 22 20 21
2 3 0 18 19
1 3 22 14 25
2 3 16 7 24
3 3 16 4 23
1 4 15 1 2 3
2 3 15 10 11
1 3 0 15 17
2 3 19 8 9
2 3 18 5 6
3 3 17 12 13
28 0
2 3 16 17 18
2 2 26 1
2 2 26 2
2 2 21 3
3 2 22 4
2 2 23 5
2 2 23 6
3 2 20 7
2 2 24 8
2 2 24 9
3 2 19 10
2 2 25 11
2 2 25 12
3 2 27 13
1 2 27 14
1 2 18 15
2 3 0 21 22
3 3 0 19 20
1 3 0 15 27
3 3 17 10 24
3 3 17 7 25
2 3 16 3 26
3 3 16 4 23
2 3 22 5 6
2 3 19 8 9
2 3 20 11 12
2 3 21 1 2
3 3 18 13 14
27 0
2 2 17 24
1 2 20 1
2 2 20 2
3 2 22 3
2 2 22 4
3 2 21 5
2 2 26 6
2 2 26 7
2 2 19 8
2 2 25 9
3 2 25 10
3 2 18 11
2 2 22 12
3 2 23 13
1 2 23 14
1 2 23 15
1 3 24 20 22
2 3 0 19 21
3 3 24 11 23
2 3 17 8 26
1 3 16 1 2
3 3 17 5 25
2 4 16 3 4 12
1 4 18 13 14 15
1 3 0 16 18
2 3 21 9 10
2 3 19 6 7
25 0
2 2 18 22
2 2 19 1
2 2 19 2
3 2 17 3
3 2 17 4
2 2 20 5
2 2 20 6
2 2 21 7
2 2 21 8
3 2 23 9
2 2 23 10
3 2 24 11
1 2 24 12
1 2 16 13
2 3 22 19 23
2 3 18 20 21
1 3 22 13 24
3 3 18 3 4
2 3 0 15 17
2 3 14 1 2
2 3 15 5 6
2 3 15 7 8
2 3 0 14 16
3 3 14 9 10
3 3 16 11 12
24 0
2 2 18 21
2 2 20 1
2 2 20 2
2 2 14 3
3 2 17 4
3 2 17 5
2 2 14 6
2 2 19 7
2 2 19 8
2 2 22 9
3 2 22 10
3 2 23 11
1 2 23 12
1 2 16 13
2 4 18 3 6 20
2 3 21 19 22
1 3 21 13 23
3 3 18 4 5
2 3 0 14 17
2 3 15 7 8
2 3 14 1 2
2 3 0 15 16
2 3 15 9 10
3 3 16 11 12
24 0
2 3 14 15 16
1 2 19 1
3 2 19 2
2 2 22 3
3 2 21 4
2 2 21 5
3 2 18 6
2 2 20 7
2 2 20 8
3 2 17 9
2 2 14 10
3 2 23 11
1 2 23 12
1 2 16 13
2 3 0 10 22
3 3 0 17 18
1 3 0 13 23
3 3 15 9 20
3 3 15 6 21
1 3 22 1 2
2 3 17 7 8
3 3 18 4 5
2 3 14 3 19
3 3 16 11 12
26 0
2 2 16 22
1 2 20 1
3 2 20 2
3 2 19 3
2 2 24 4
2 2 24 5
2 2 18 6
2 2 23 7
3 2 23 8
2 2 21 9
2 2 21 10
3 2 15 11
3 2 25 12
1 2 25 13
1 2 17 14
3 4 22 11 20 21
2 3 0 18 19
1 3 22 14 25
2 3 16 6 24
3 3 16 3 23
1 3 15 1 2
2 3 15 9 10
3 3 0 15 17
2 3 19 7 8
2 3 18 4 5
3 3 17 12 13
21 0
1 2 14 19
2 2 16 1
2 2 16 2
3 2 17 3
3 2 18 4
2 2 18 5
3 2 15 6
1 2 15 7
3 2 20 8
1 2 20 9
1 2 14 10
1 2 17 11
2 3 19 16 17
3 3 19 15 18
1 3 0 10 20
3 3 13 6 7
2 3 12 1 2
3 3 12 3 11
3 3 13 4 5
2 3 0 12 13
3 3 14 8 9
21 0
1 2 14 19
2 2 16 1
2 2 16 2
3 2 17 3
3 2 15 4
2 2 18 5
3 2 18 6
3 2 20 7
1 2 20 8
1 2 14 9
1 2 15 10
1 2 17 11
2 3 19 16 17
3 3 19 15 18
1 3 0 9 20
3 3 13 4 10
2 3 12 1 2
3 3 12 3 11
2 3 13 5 6
2 3 0 12 13
3 3 14 7 8
29 0
2 2 17 26
2 2 28 1
2 2 28 2
2 2 20 3
3 2 21 4
3 2 27 5
2 2 27 6
2 2 24 7
3 2 24 8
2 2 25 9
3 2 25 10
3 2 22 11
1 2 22 12
1 2 22 13
3 2 23 14
1 2 23 15
1 2 23 16
2 3 0 20 21
1 3 26 22 25
1 3 26 23 24
2 3 17 3 28
3 3 17 4 27
1 4 18 11 12 13
1 4 19 14 15 16
2 3 19 7 8
2 3 18 9 10
1 3 0 18 19
3 3 21 5 6
2 3 20 1 2
29 0
2 2 19 26
2 2 22 1
2 2 22 2
3 2 23 3
2 2 23 4
3 2 23 5
2 2 22 6
3 2 28 7
1 2 28 8
1 2 18 9
3 2 25 10
2 2 24 11
2 2 24 12
3 2 27 13
2 2 21 14
2 2 25 15
1 2 27 16
2 3 26 22 23
1 3 26 9 28
2 3 0 20 21
2 3 19 24 25
2 3 19 14 27
2 4 17 1 2 6
3 4 17 3 4 5
2 3 20 11 12
3 3 20 10 15
2 3 0 17 18
3 3 21 13 16
3 3 18 7 8
26 0
2 3 15 16 17
2 2 20 1
2 2 20 2
3 2 23 3
3 2 24 4
2 2 24 5
3 2 19 6
3 2 25 7
1 2 25 8
1 2 16 9
3 2 21 10
1 2 21 11
3 2 22 12
1 2 22 13
2 2 23 14
2 3 0 18 19
1 3 0 9 25
3 3 0 21 22
2 3 15 20 23
3 3 15 6 24
2 3 18 1 2
3 3 17 10 11
3 3 17 12 13
3 3 18 3 14
3 3 19 4 5
3 3 16 7 8
28 0
2 2 18 24
2 2 22 1
2 2 22 2
2 2 22 3
3 2 23 4
3 2 23 5
2 2 23 6
3 2 25 7
2 2 20 8
2 2 20 9
2 2 20 10
3 2 26 11
2 2 21 12
1 2 26 13
3 2 27 14
1 2 27 15
1 2 19 16
2 3 24 22 23
2 3 0 21 25
1 3 24 16 27
2 4 25 8 9 10
2 3 18 12 26
2 4 17 1 2 3
3 4 17 5 6 4
2 3 0 17 19
3 3 18 7 20
3 3 21 11 13
3 3 19 14 15
18 0
1 2 13 15
2 2 14 1
2 2 14 2
2 2 11 3
3 2 16 4
3 2 12 5
2 2 11 6
3 2 17 7
1 2 17 8
1 2 13 9
1 2 16 10
2 4 15 3 6 14
3 3 15 5 16
1 3 0 9 17
2 3 11 1 2
2 3 0 11 12
3 3 12 4 10
3 3 13 7 8
28 0
2 2 17 25
2 2 24 1
2 2 24 2
2 2 20 3
3 2 26 4
3 2 21 5
2 2 20 6
3 2 23 7
2 2 22 8
2 2 22 9
2 2 22 10
3 2 23 11
2 2 23 12
3 2 27 13
1 2 27 14
1 2 19 15
1 2 26 16
2 3 0 20 21
2 3 25 22 23
1 3 25 15 27
2 4 17 3 6 24
3 3 17 5 26
2 4 18 8 9 10
3 4 18 7 12 11
2 3 20 1 2
2 3 0 18 19
3 3 21 4 16
3 3 19 13 14
29 0
1 2 17 26
1 2 24 1
3 2 24 2
2 2 25 3
2 2 25 4
2 2 27 5
2 2 27 6
3 2 21 7
3 2 22 8
2 2 22 9
2 2 22 10
3 2 23 11
2 2 23 12
2 2 23 13
3 2 28 14
1 2 28 15
1 2 19 16
1 3 0 20 21
2 3 26 22 23
1 3 26 16 28
1 3 17 24 25
3 3 17 7 27
2 4 18 9 10 8
2 4 18 12 13 11
1 3 20 1 2
2 3 20 3 4
2 3 0 18 19
2 3 21 5 6
3 3 19 14 15
29 0
3 3 17 18 19
1 2 20 1
3 2 20 2
2 2 20 3
3 2 21 4
2 2 25 5
2 2 25 6
3 2 24 7
3 2 28 8
1 2 28 9
1 2 18 10
3 2 23 11
2 2 27 12
2 2 27 13
2 2 22 14
2 2 26 15
2 2 26 16
3 3 0 21 24
1 3 0 10 28
2 3 0 22 23
1 4 24 1 2 3
3 3 17 4 25
2 3 19 14 27
3 3 19 11 26
3 3 17 7 20
2 3 21 5 6
2 3 23 15 16
2 3 22 12 13
3 3 18 8 9
20 0
1 2 13 18
1 2 14 1
2 2 14 2
3 2 16 3
2 2 16 4
2 2 17 5
3 2 17 6
2 2 18 7
2 2 16 8
3 2 19 9
1 2 19 10
1 2 15 11
1 3 18 14 16
1 3 0 15 17
1 3 12 1 2
1 3 13 11 19
2 4 12 3 8 4
2 3 13 5 6
2 3 0 7 12
3 3 15 9 10
23 0
1 2 13 20
1 2 21 1
3 2 21 2
1 2 16 3
3 2 18 4
2 2 17 5
2 2 17 6
3 2 19 7
2 2 19 8
2 2 18 9
3 2 22 10
1 2 22 11
1 2 15 12
1 3 0 16 18
2 3 20 17 19
1 3 20 12 22
1 3 13 3 21
2 3 14 5 6
3 3 13 4 9
3 3 14 7 8
2 3 0 14 15
1 3 16 1 2
3 3 15 10 11
25 0
1 2 18 22
1 2 20 1
3 2 20 2
3 2 17 3
3 2 17 4
2 2 19 5
2 2 19 6
2 2 23 7
3 2 23 8
3 2 24 9
1 2 24 10
1 2 16 11
2 2 21 12
2 2 21 13
1 3 18 20 21
2 3 22 19 23
1 3 22 11 24
3 3 18 3 4
1 3 0 14 17
2 3 15 5 6
1 3 14 1 2
2 3 14 12 13
2 3 0 15 16
2 3 15 7 8
3 3 16 9 10
25 0
2 2 18 22
2 2 19 1
2 2 19 2
3 2 17 3
2 2 20 4
2 2 20 5
2 2 21 6
2 2 21 7
3 2 17 8
3 2 23 9
2 2 23 10
3 2 24 11
1 2 24 12
1 2 16 13
2 3 22 19 23
2 3 18 20 21
1 3 22 13 24
3 3 18 3 8
2 3 0 15 17
2 3 14 1 2
2 3 15 4 5
2 3 15 6 7
2 3 0 14 16
3 3 14 9 10
3 3 16 11 12
23 0
2 2 14 19
2 2 17 1
2 2 17 2
3 2 18 3
2 2 21 4
2 2 21 5
2 2 16 6
3 2 18 7
2 2 20 8
3 2 20 9
3 2 22 10
1 2 22 11
1 2 15 12
2 3 19 17 20
2 3 0 16 18
1 3 19 12 22
2 3 14 6 21
2 3 13 1 2
3 3 14 3 7
2 3 0 13 15
2 3 13 8 9
2 3 16 4 5
3 3 15 10 11
