188
28 2
0 5 25 26 24 27 23
0 2 1 25
0 2 2 25
0 2 3 25
0 2 4 25
0 2 5 25
0 2 6 26
0 2 7 26
0 2 8 24
0 2 9 24
0 2 10 24
0 2 11 27
0 2 12 27
0 2 13 23
0 2 14 25
0 2 15 23
0 2 16 24
0 2 17 24
0 2 18 24
0 2 19 23
0 2 20 23
0 2 21 26
0 2 22 26
0 2 23 26
0 7 8 0 9 10 16 17 18
0 7 1 0 2 3 4 5 14
0 6 6 0 7 21 22 23
0 3 11 0 12
31 2
0 5 26 27 29 28 30
0 2 1 26
0 2 2 26
0 2 3 27
0 2 4 27
0 2 5 29
0 2 6 29
0 2 7 29
0 2 8 29
0 2 9 29
0 2 10 29
0 2 11 28
0 2 12 28
0 2 13 30
0 2 14 30
0 2 15 30
0 2 16 30
0 2 17 30
0 2 18 28
0 2 19 28
0 2 20 28
0 2 21 27
0 2 22 27
0 2 23 27
0 2 24 26
0 2 25 26
0 3 26 26 26
0 6 3 0 4 21 22 23
0 6 11 0 12 18 19 20
0 7 5 0 6 7 8 9 10
0 6 13 0 14 15 16 17
23 2
0 4 19 22 20 21
0 2 1 19
0 2 2 19
0 2 3 19
0 2 4 22
0 2 5 22
0 2 6 22
0 2 7 22
0 2 8 20
0 2 9 20
0 2 10 21
0 2 11 21
0 2 12 19
0 2 13 19
0 2 14 19
0 2 15 21
0 2 16 21
0 2 17 20
0 2 18 20
0 2 19 20
0 6 8 0 9 17 18 19
0 5 10 0 11 15 16
0 5 4 0 5 6 7
27 2
0 4 24 25 23 26
0 2 1 24
0 2 2 24
0 2 3 24
0 2 4 24
0 2 5 24
0 2 6 25
0 2 7 25
0 2 8 25
0 2 9 25
0 2 10 25
0 2 11 25
0 2 12 24
0 2 13 24
0 2 14 24
0 2 15 23
0 2 16 23
0 2 17 23
0 2 18 23
0 2 19 23
0 2 20 23
0 2 21 26
0 2 22 26
0 2 23 26
0 9 1 0 2 3 4 5 12 13 14
0 7 6 0 7 8 9 10 11
0 4 21 0 22 23
21 2
0 4 18 19 17 20
0 2 1 18
0 2 2 18
0 2 3 18
0 2 4 19
0 2 5 19
0 2 6 19
0 2 7 19
0 2 8 17
0 2 9 17
0 2 10 17
0 2 11 18
0 2 12 18
0 2 13 18
0 2 14 18
0 2 15 20
0 2 16 20
0 2 17 20
0 8 1 0 2 3 11 12 13 14
0 5 4 0 5 6 7
0 4 15 0 16 17
24 2
0 4 21 20 23 22
0 2 1 21
0 2 2 21
0 2 3 20
0 2 4 20
0 2 5 20
0 2 6 20
0 2 7 20
0 2 8 20
0 2 9 23
0 2 10 23
0 2 11 20
0 2 12 20
0 2 13 21
0 2 14 21
0 2 15 22
0 2 16 22
0 2 17 22
0 2 18 23
0 2 19 23
0 2 20 23
0 5 1 0 2 13 14
0 4 15 0 16 17
0 6 9 0 10 18 19 20
30 2
0 5 25 27 26 29 28
0 2 1 25
0 2 2 25
0 2 3 25
0 2 4 25
0 2 5 25
0 2 6 25
0 2 7 27
0 2 8 27
0 2 9 27
0 2 10 27
0 2 11 27
0 2 12 27
0 2 13 27
0 2 14 26
0 2 15 26
0 2 16 29
0 2 17 29
0 2 18 29
0 2 19 29
0 2 20 26
0 2 21 26
0 2 22 26
0 2 23 28
0 2 24 28
0 2 25 28
0 6 14 0 15 20 21 22
0 8 7 0 8 9 10 11 12 13
0 4 23 0 24 25
0 5 16 0 17 18 19
23 2
0 4 19 21 22 20
0 2 1 19
0 2 2 19
0 2 3 19
0 2 4 19
0 2 5 19
0 2 6 19
0 2 7 21
0 2 8 21
0 2 9 21
0 2 10 21
0 2 11 22
0 2 12 22
0 2 13 22
0 2 14 22
0 2 15 22
0 2 16 22
0 2 17 20
0 2 18 20
0 2 19 20
0 4 17 0 18 19
0 5 7 0 8 9 10
0 7 11 0 12 13 14 15 16
33 2
0 5 29 30 31 32 28
0 2 1 29
0 2 2 29
0 2 3 30
0 2 4 30
0 2 5 30
0 2 6 30
0 2 7 31
0 2 8 31
0 2 9 32
0 2 10 32
0 2 11 30
0 2 12 30
0 2 13 30
0 2 14 29
0 2 15 29
0 2 16 29
0 2 17 29
0 2 18 32
0 2 19 32
0 2 20 28
0 2 21 28
0 2 22 28
0 2 23 28
0 2 24 28
0 2 25 28
0 2 26 31
0 2 27 31
0 2 28 31
0 7 1 0 2 14 15 16 17
0 8 3 0 4 5 6 11 12 13
0 6 7 0 8 26 27 28
0 5 9 0 10 18 19
20 2
0 3 19 17 18
0 2 1 19
0 2 2 19
0 2 3 19
0 2 4 19
0 2 5 19
0 2 6 19
0 2 7 19
0 2 8 17
0 2 9 17
0 2 10 17
0 2 11 17
0 2 12 17
0 2 13 17
0 2 14 17
0 2 15 18
0 2 16 18
0 2 17 18
0 4 15 0 16 17
0 8 1 0 2 3 4 5 6 7
19 2
0 4 16 17 15 18
0 2 1 16
0 2 2 16
0 2 3 16
0 2 4 17
0 2 5 17
0 2 6 15
0 2 7 15
0 2 8 16
0 2 9 16
0 2 10 16
0 2 11 15
0 2 12 15
0 2 13 18
0 2 14 18
0 2 15 18
0 7 1 0 2 3 8 9 10
0 3 4 0 5
0 4 13 0 14 15
15 2
0 3 12 14 13
0 2 1 12
0 2 2 12
0 2 3 14
0 2 4 14
0 2 5 14
0 2 6 12
0 2 7 13
0 2 8 13
0 2 9 13
0 2 10 14
0 2 11 14
0 2 12 14
0 4 7 0 8 9
0 7 3 0 4 5 10 11 12
26 2
0 5 22 23 24 25 21
0 2 1 22
0 2 2 22
0 2 3 22
0 2 4 22
0 2 5 22
0 2 6 22
0 2 7 23
0 2 8 23
0 2 9 23
0 2 10 24
0 2 11 24
0 2 12 24
0 2 13 24
0 2 14 24
0 2 15 24
0 2 16 25
0 2 17 25
0 2 18 25
0 2 19 21
0 2 20 21
0 3 21 21 21
0 7 1 0 2 3 4 5 6
0 4 7 0 8 9
0 7 10 0 11 12 13 14 15
0 4 16 0 17 18
27 2
0 4 23 26 24 25
0 2 1 23
0 2 2 23
0 2 3 23
0 2 4 26
0 2 5 26
0 2 6 26
0 2 7 24
0 2 8 23
0 2 9 25
0 2 10 25
0 2 11 25
0 2 12 25
0 2 13 25
0 2 14 25
0 2 15 24
0 2 16 24
0 2 17 25
0 2 18 25
0 2 19 25
0 2 20 26
0 2 21 26
0 2 22 26
0 2 23 26
0 4 7 0 15 16
0 10 9 0 10 11 12 13 14 17 18 19
0 8 4 0 5 6 20 21 22 23
20 2
0 3 18 19 17
0 2 1 18
0 2 2 18
0 2 3 18
0 2 4 18
0 2 5 18
0 2 6 18
0 2 7 19
0 2 8 19
0 2 9 17
0 2 10 18
0 2 11 17
0 2 12 17
0 2 13 17
0 2 14 17
0 2 15 19
0 2 16 19
0 2 17 19
0 8 1 0 2 3 4 5 6 10
0 6 7 0 8 15 16 17
30 2
0 5 26 25 27 28 29
0 2 1 26
0 2 2 26
0 2 3 26
0 2 4 26
0 2 5 26
0 2 6 26
0 2 7 25
0 2 8 25
0 2 9 25
0 2 10 25
0 2 11 25
0 2 12 25
0 2 13 27
0 2 14 27
0 2 15 28
0 2 16 28
0 2 17 28
0 2 18 28
0 2 19 28
0 2 20 27
0 2 21 27
0 2 22 27
0 2 23 29
0 2 24 29
0 2 25 29
0 7 1 0 2 3 4 5 6
0 6 13 0 14 20 21 22
0 6 15 0 16 17 18 19
0 4 23 0 24 25
25 2
0 4 21 24 22 23
0 2 1 21
0 2 2 21
0 2 3 24
0 2 4 24
0 2 5 24
0 2 6 21
0 2 7 24
0 2 8 24
0 2 9 24
0 2 10 24
0 2 11 22
0 2 12 22
0 2 13 23
0 2 14 23
0 2 15 23
0 2 16 23
0 2 17 23
0 2 18 23
0 2 19 22
0 2 20 22
0 2 21 22
0 6 11 0 12 19 20 21
0 7 13 0 14 15 16 17 18
0 8 3 0 4 5 7 8 9 10
23 2
0 4 19 21 20 22
0 2 1 19
0 2 2 19
0 2 3 19
0 2 4 21
0 2 5 21
0 2 6 21
0 2 7 20
0 2 8 20
0 2 9 22
0 2 10 22
0 2 11 21
0 2 12 19
0 2 13 19
0 2 14 19
0 2 15 22
0 2 16 22
0 2 17 20
0 2 18 20
0 2 19 20
0 6 7 0 8 17 18 19
0 5 4 0 5 6 11
0 5 9 0 10 15 16
25 2
0 5 20 22 24 23 21
0 2 1 20
0 2 2 20
0 2 3 20
0 2 4 22
0 2 5 22
0 2 6 22
0 2 7 24
0 2 8 24
0 2 9 24
0 2 10 22
0 2 11 23
0 2 12 23
0 2 13 23
0 2 14 21
0 2 15 23
0 2 16 23
0 2 17 20
0 2 18 21
0 2 19 21
0 2 20 21
0 5 14 0 18 19 20
0 5 4 0 5 6 10
0 6 11 0 12 13 15 16
0 4 7 0 8 9
26 2
0 5 21 24 23 25 22
0 2 1 21
0 2 2 21
0 2 3 21
0 2 4 21
0 2 5 21
0 2 6 21
0 2 7 24
0 2 8 24
0 2 9 24
0 2 10 23
0 2 11 23
0 2 12 23
0 2 13 23
0 2 14 23
0 2 15 23
0 2 16 25
0 2 17 25
0 2 18 25
0 2 19 22
0 2 20 22
0 2 21 22
0 4 19 0 20 21
0 7 10 0 11 12 13 14 15
0 4 7 0 8 9
0 4 16 0 17 18
18 2
0 3 15 17 16
0 2 1 15
0 2 2 15
0 2 3 17
0 2 4 17
0 2 5 17
0 2 6 17
0 2 7 16
0 2 8 16
0 2 9 15
0 2 10 15
0 2 11 16
0 2 12 16
0 2 13 16
0 2 14 17
0 2 15 17
0 6 7 0 8 11 12 13
0 7 3 0 4 5 6 14 15
24 2
0 4 22 21 23 20
0 2 1 22
0 2 2 22
0 2 3 22
0 2 4 21
0 2 5 21
0 2 6 21
0 2 7 21
0 2 8 22
0 2 9 22
0 2 10 22
0 2 11 23
0 2 12 23
0 2 13 23
0 2 14 23
0 2 15 23
0 2 16 21
0 2 17 23
0 2 18 20
0 2 19 20
0 3 20 20 20
0 6 4 0 5 6 7 16
0 7 1 0 2 3 8 9 10
0 7 11 0 12 13 14 15 17
27 2
0 5 22 23 26 24 25
0 2 1 22
0 2 2 22
0 2 3 22
0 2 4 22
0 2 5 23
0 2 6 23
0 2 7 26
0 2 8 26
0 2 9 26
0 2 10 26
0 2 11 24
0 2 12 24
0 2 13 25
0 2 14 25
0 2 15 25
0 2 16 25
0 2 17 24
0 2 18 24
0 2 19 24
0 2 20 23
0 2 21 23
0 2 22 23
0 6 5 0 6 20 21 22
0 6 11 0 12 17 18 19
0 5 13 0 14 15 16
0 5 7 0 8 9 10
24 2
0 4 20 21 22 23
0 2 1 20
0 2 2 21
0 2 3 21
0 2 4 21
0 2 5 21
0 2 6 21
0 2 7 22
0 2 8 22
0 2 9 23
0 2 10 23
0 2 11 21
0 2 12 21
0 2 13 20
0 2 14 20
0 2 15 20
0 2 16 23
0 2 17 23
0 2 18 22
0 2 19 22
0 2 20 22
0 8 2 0 3 4 5 6 11 12
0 6 7 0 8 18 19 20
0 5 9 0 10 16 17
27 2
0 5 22 26 25 23 24
0 2 1 22
0 2 2 22
0 2 3 22
0 2 4 22
0 2 5 22
0 2 6 22
0 2 7 26
0 2 8 26
0 2 9 26
0 2 10 26
0 2 11 26
0 2 12 26
0 2 13 25
0 2 14 25
0 2 15 25
0 2 16 25
0 2 17 23
0 2 18 23
0 2 19 23
0 2 20 24
0 2 21 24
0 2 22 24
0 4 17 0 18 19
0 4 20 0 21 22
0 5 13 0 14 15 16
0 7 7 0 8 9 10 11 12
27 2
0 5 24 26 23 25 22
0 2 1 24
0 2 2 24
0 2 3 24
0 2 4 24
0 2 5 24
0 2 6 24
0 2 7 26
0 2 8 26
0 2 9 26
0 2 10 26
0 2 11 26
0 2 12 26
0 2 13 23
0 2 14 23
0 2 15 25
0 2 16 25
0 2 17 25
0 2 18 25
0 2 19 25
0 2 20 22
0 2 21 22
0 3 22 22 22
0 3 13 0 14
0 7 1 0 2 3 4 5 6
0 6 15 0 16 17 18 19
0 7 7 0 8 9 10 11 12
20 2
0 4 16 17 18 19
0 2 1 16
0 2 2 16
0 2 3 17
0 2 4 17
0 2 5 17
0 2 6 17
0 2 7 17
0 2 8 17
0 2 9 16
0 2 10 16
0 2 11 18
0 2 12 18
0 2 13 18
0 2 14 19
0 2 15 19
0 2 16 19
0 7 3 0 4 5 6 7 8
0 4 11 0 12 13
0 4 14 0 15 16
19 2
0 3 16 17 18
0 2 1 16
0 2 2 16
0 2 3 16
0 2 4 16
0 2 5 16
0 2 6 16
0 2 7 16
0 2 8 17
0 2 9 17
0 2 10 17
0 2 11 17
0 2 12 17
0 2 13 17
0 2 14 18
0 2 15 18
0 2 16 18
0 7 8 0 9 10 11 12 13
0 4 14 0 15 16
20 2
0 4 16 18 17 19
0 2 1 16
0 2 2 16
0 2 3 16
0 2 4 18
0 2 5 18
0 2 6 18
0 2 7 18
0 2 8 17
0 2 9 17
0 2 10 17
0 2 11 17
0 2 12 17
0 2 13 19
0 2 14 19
0 2 15 19
0 3 16 16 16
0 6 8 0 9 10 11 12
0 5 4 0 5 6 7
0 4 13 0 14 15
19 2
0 4 15 17 16 18
0 2 1 15
0 2 2 15
0 2 3 15
0 2 4 17
0 2 5 17
0 2 6 17
0 2 7 17
0 2 8 15
0 2 9 15
0 2 10 15
0 2 11 16
0 2 12 16
0 2 13 18
0 2 14 18
0 2 15 18
0 3 11 0 12
0 5 4 0 5 6 7
0 4 13 0 14 15
24 2
0 4 22 23 20 21
0 2 1 22
0 2 2 22
0 2 3 22
0 2 4 22
0 2 5 22
0 2 6 22
0 2 7 23
0 2 8 23
0 2 9 23
0 2 10 22
0 2 11 20
0 2 12 20
0 2 13 20
0 2 14 20
0 2 15 20
0 2 16 20
0 2 17 20
0 2 18 21
0 2 19 21
0 2 20 21
0 4 18 0 19 20
0 8 1 0 2 3 4 5 6 10
0 4 7 0 8 9
15 2
0 3 12 14 13
0 2 1 12
0 2 2 14
0 2 3 14
0 2 4 14
0 2 5 14
0 2 6 14
0 2 7 14
0 2 8 12
0 2 9 12
0 2 10 13
0 2 11 13
0 2 12 13
0 4 10 0 11 12
0 7 2 0 3 4 5 6 7
26 2
0 4 22 25 24 23
0 2 1 22
0 2 2 22
0 2 3 22
0 2 4 22
0 2 5 22
0 2 6 22
0 2 7 25
0 2 8 25
0 2 9 25
0 2 10 25
0 2 11 25
0 2 12 25
0 2 13 25
0 2 14 24
0 2 15 24
0 2 16 24
0 2 17 24
0 2 18 24
0 2 19 24
0 2 20 23
0 2 21 23
0 2 22 23
0 4 20 0 21 22
0 7 14 0 15 16 17 18 19
0 8 7 0 8 9 10 11 12 13
19 2
0 4 15 16 17 18
0 2 1 15
0 2 2 16
0 2 3 16
0 2 4 16
0 2 5 16
0 2 6 17
0 2 7 17
0 2 8 15
0 2 9 15
0 2 10 15
0 2 11 18
0 2 12 18
0 2 13 18
0 2 14 16
0 2 15 16
0 7 2 0 3 4 5 14 15
0 3 6 0 7
0 4 11 0 12 13
24 2
0 4 23 21 22 20
0 2 1 23
0 2 2 23
0 2 3 23
0 2 4 21
0 2 5 21
0 2 6 21
0 2 7 22
0 2 8 22
0 2 9 22
0 2 10 22
0 2 11 20
0 2 12 20
0 2 13 20
0 2 14 22
0 2 15 22
0 2 16 22
0 2 17 20
0 2 18 21
0 2 19 21
0 2 20 21
0 7 4 0 5 6 18 19 20
0 8 7 0 8 9 10 14 15 16
0 4 1 0 2 3
24 2
0 4 20 21 22 23
0 2 1 20
0 2 2 20
0 2 3 20
0 2 4 21
0 2 5 21
0 2 6 21
0 2 7 21
0 2 8 22
0 2 9 22
0 2 10 22
0 2 11 22
0 2 12 22
0 2 13 22
0 2 14 23
0 2 15 23
0 2 16 23
0 2 17 23
0 2 18 23
0 2 19 23
0 2 20 23
0 5 4 0 5 6 7
0 7 8 0 9 10 11 12 13
0 8 14 0 15 16 17 18 19 20
24 2
0 4 21 23 22 20
0 2 1 21
0 2 2 21
0 2 3 21
0 2 4 21
0 2 5 21
0 2 6 23
0 2 7 23
0 2 8 23
0 2 9 22
0 2 10 22
0 2 11 22
0 2 12 22
0 2 13 22
0 2 14 22
0 2 15 23
0 2 16 23
0 2 17 20
0 2 18 20
0 2 19 20
0 2 20 23
0 6 1 0 2 3 4 5
0 7 9 0 10 11 12 13 14
0 7 6 0 7 8 15 16 20
23 2
0 4 20 21 22 19
0 2 1 20
0 2 2 20
0 2 3 20
0 2 4 21
0 2 5 21
0 2 6 21
0 2 7 22
0 2 8 22
0 2 9 22
0 2 10 19
0 2 11 19
0 2 12 20
0 2 13 20
0 2 14 20
0 2 15 19
0 2 16 19
0 2 17 22
0 2 18 22
0 2 19 22
0 7 1 0 2 3 12 13 14
0 4 4 0 5 6
0 7 7 0 8 9 17 18 19
31 2
0 5 26 30 27 28 29
0 2 1 26
0 2 2 26
0 2 3 26
0 2 4 26
0 2 5 26
0 2 6 26
0 2 7 30
0 2 8 30
0 2 9 30
0 2 10 30
0 2 11 30
0 2 12 30
0 2 13 27
0 2 14 27
0 2 15 27
0 2 16 27
0 2 17 27
0 2 18 27
0 2 19 27
0 2 20 27
0 2 21 28
0 2 22 28
0 2 23 28
0 2 24 29
0 2 25 29
0 2 26 29
0 9 13 0 14 15 16 17 18 19 20
0 4 21 0 22 23
0 4 24 0 25 26
0 7 7 0 8 9 10 11 12
29 2
0 5 24 26 28 27 25
0 2 1 24
0 2 2 24
0 2 3 24
0 2 4 26
0 2 5 26
0 2 6 28
0 2 7 28
0 2 8 27
0 2 9 27
0 2 10 27
0 2 11 25
0 2 12 25
0 2 13 25
0 2 14 25
0 2 15 25
0 2 16 27
0 2 17 27
0 2 18 27
0 2 19 26
0 2 20 26
0 2 21 26
0 2 22 24
0 2 23 24
0 3 24 24 24
0 6 11 0 12 13 14 15
0 6 4 0 5 19 20 21
0 7 8 0 9 10 16 17 18
0 3 6 0 7
27 2
0 5 22 25 24 26 23
0 2 1 22
0 2 2 22
0 2 3 25
0 2 4 25
0 2 5 25
0 2 6 25
0 2 7 25
0 2 8 25
0 2 9 22
0 2 10 22
0 2 11 24
0 2 12 24
0 2 13 26
0 2 14 26
0 2 15 26
0 2 16 26
0 2 17 24
0 2 18 24
0 2 19 24
0 2 20 23
0 2 21 23
0 2 22 23
0 4 20 0 21 22
0 6 11 0 12 17 18 19
0 7 3 0 4 5 6 7 8
0 5 13 0 14 15 16
27 2
0 5 22 23 26 25 24
0 2 1 22
0 2 2 22
0 2 3 22
0 2 4 23
0 2 5 23
0 2 6 23
0 2 7 23
0 2 8 26
0 2 9 26
0 2 10 25
0 2 11 25
0 2 12 25
0 2 13 25
0 2 14 25
0 2 15 25
0 2 16 25
0 2 17 26
0 2 18 26
0 2 19 26
0 2 20 24
0 2 21 24
0 2 22 24
0 5 4 0 5 6 7
0 4 20 0 21 22
0 8 10 0 11 12 13 14 15 16
0 6 8 0 9 17 18 19
23 2
0 4 19 22 20 21
0 2 1 19
0 2 2 19
0 2 3 19
0 2 4 22
0 2 5 22
0 2 6 22
0 2 7 22
0 2 8 19
0 2 9 19
0 2 10 19
0 2 11 20
0 2 12 20
0 2 13 20
0 2 14 20
0 2 15 20
0 2 16 20
0 2 17 21
0 2 18 21
0 2 19 21
0 7 11 0 12 13 14 15 16
0 4 17 0 18 19
0 5 4 0 5 6 7
28 2
0 5 25 24 27 26 23
0 2 1 25
0 2 2 25
0 2 3 25
0 2 4 25
0 2 5 25
0 2 6 24
0 2 7 24
0 2 8 27
0 2 9 27
0 2 10 27
0 2 11 27
0 2 12 26
0 2 13 26
0 2 14 26
0 2 15 26
0 2 16 27
0 2 17 27
0 2 18 23
0 2 19 23
0 2 20 23
0 2 21 24
0 2 22 24
0 2 23 24
0 6 6 0 7 21 22 23
0 6 1 0 2 3 4 5
0 5 12 0 13 14 15
0 7 8 0 9 10 11 16 17
27 2
0 5 23 25 26 24 22
0 2 1 23
0 2 2 23
0 2 3 23
0 2 4 23
0 2 5 23
0 2 6 23
0 2 7 25
0 2 8 25
0 2 9 26
0 2 10 26
0 2 11 26
0 2 12 26
0 2 13 26
0 2 14 26
0 2 15 25
0 2 16 25
0 2 17 24
0 2 18 24
0 2 19 24
0 2 20 22
0 2 21 22
0 3 22 22 22
0 7 1 0 2 3 4 5 6
0 4 17 0 18 19
0 5 7 0 8 15 16
0 7 9 0 10 11 12 13 14
16 2
0 3 13 14 15
0 2 1 13
0 2 2 14
0 2 3 14
0 2 4 15
0 2 5 15
0 2 6 13
0 2 7 13
0 2 8 13
0 2 9 13
0 2 10 15
0 2 11 15
0 2 12 15
0 2 13 14
0 4 2 0 3 13
0 6 4 0 5 10 11 12
26 2
0 4 24 25 22 23
0 2 1 24
0 2 2 24
0 2 3 24
0 2 4 24
0 2 5 24
0 2 6 24
0 2 7 25
0 2 8 22
0 2 9 22
0 2 10 22
0 2 11 25
0 2 12 25
0 2 13 25
0 2 14 25
0 2 15 25
0 2 16 25
0 2 17 23
0 2 18 23
0 2 19 23
0 2 20 22
0 2 21 22
0 3 22 22 22
0 4 17 0 18 19
0 7 1 0 2 3 4 5 6
0 8 7 0 11 12 13 14 15 16
21 2
0 4 17 18 20 19
0 2 1 17
0 2 2 17
0 2 3 17
0 2 4 17
0 2 5 17
0 2 6 17
0 2 7 18
0 2 8 18
0 2 9 20
0 2 10 20
0 2 11 20
0 2 12 20
0 2 13 18
0 2 14 18
0 2 15 19
0 2 16 19
0 2 17 19
0 5 7 0 8 13 14
0 4 15 0 16 17
0 5 9 0 10 11 12
29 2
0 5 27 25 26 24 28
0 2 1 27
0 2 2 25
0 2 3 25
0 2 4 26
0 2 5 26
0 2 6 27
0 2 7 27
0 2 8 27
0 2 9 27
0 2 10 26
0 2 11 26
0 2 12 26
0 2 13 25
0 2 14 25
0 2 15 24
0 2 16 24
0 2 17 28
0 2 18 28
0 2 19 28
0 2 20 28
0 2 21 28
0 2 22 24
0 2 23 24
0 3 24 24 24
0 5 2 0 3 13 14
0 6 4 0 5 10 11 12
0 6 1 0 6 7 8 9
0 6 17 0 18 19 20 21
16 2
0 4 12 13 14 15
0 2 1 12
0 2 2 12
0 2 3 13
0 2 4 14
0 2 5 14
0 2 6 15
0 2 7 15
0 2 8 15
0 2 9 12
0 2 10 13
0 2 11 13
0 2 12 13
0 5 3 0 10 11 12
0 3 4 0 5
0 4 6 0 7 8
26 2
0 5 22 23 24 21 25
0 2 1 22
0 2 2 22
0 2 3 22
0 2 4 22
0 2 5 22
0 2 6 22
0 2 7 23
0 2 8 23
0 2 9 23
0 2 10 23
0 2 11 23
0 2 12 23
0 2 13 24
0 2 14 24
0 2 15 24
0 2 16 21
0 2 17 21
0 2 18 21
0 2 19 25
0 2 20 25
0 2 21 25
0 7 1 0 2 3 4 5 6
0 7 7 0 8 9 10 11 12
0 4 13 0 14 15
0 4 19 0 20 21
27 2
0 5 22 23 25 24 26
0 2 1 22
0 2 2 22
0 2 3 22
0 2 4 23
0 2 5 23
0 2 6 25
0 2 7 25
0 2 8 22
0 2 9 22
0 2 10 22
0 2 11 24
0 2 12 24
0 2 13 24
0 2 14 24
0 2 15 24
0 2 16 24
0 2 17 26
0 2 18 26
0 2 19 26
0 2 20 23
0 2 21 23
0 2 22 23
0 6 4 0 5 20 21 22
0 7 11 0 12 13 14 15 16
0 3 6 0 7
0 4 17 0 18 19
15 2
0 3 14 12 13
0 2 1 14
0 2 2 14
0 2 3 14
0 2 4 14
0 2 5 14
0 2 6 14
0 2 7 12
0 2 8 12
0 2 9 12
0 2 10 13
0 2 11 13
0 2 12 13
0 4 10 0 11 12
0 7 1 0 2 3 4 5 6
25 2
0 5 20 23 24 21 22
0 2 1 20
0 2 2 20
0 2 3 20
0 2 4 20
0 2 5 20
0 2 6 20
0 2 7 23
0 2 8 23
0 2 9 23
0 2 10 24
0 2 11 24
0 2 12 21
0 2 13 21
0 2 14 21
0 2 15 21
0 2 16 22
0 2 17 22
0 2 18 22
0 2 19 22
0 2 20 22
0 5 12 0 13 14 15
0 6 16 0 17 18 19 20
0 4 7 0 8 9
0 3 10 0 11
16 2
0 3 14 13 15
0 2 1 14
0 2 2 14
0 2 3 14
0 2 4 14
0 2 5 14
0 2 6 14
0 2 7 13
0 2 8 13
0 2 9 13
0 2 10 13
0 2 11 15
0 2 12 15
0 2 13 15
0 7 1 0 2 3 4 5 6
0 4 11 0 12 13
33 2
0 5 28 30 32 29 31
0 2 1 28
0 2 2 28
0 2 3 28
0 2 4 30
0 2 5 30
0 2 6 30
0 2 7 30
0 2 8 32
0 2 9 32
0 2 10 32
0 2 11 32
0 2 12 28
0 2 13 28
0 2 14 28
0 2 15 29
0 2 16 29
0 2 17 29
0 2 18 29
0 2 19 29
0 2 20 29
0 2 21 29
0 2 22 29
0 2 23 31
0 2 24 31
0 2 25 31
0 2 26 30
0 2 27 30
0 2 28 30
0 9 15 0 16 17 18 19 20 21 22
0 8 4 0 5 6 7 26 27 28
0 4 23 0 24 25
0 5 8 0 9 10 11
28 2
0 6 22 23 27 25 24 26
0 2 1 22
0 2 2 22
0 2 3 23
0 2 4 23
0 2 5 23
0 2 6 23
0 2 7 23
0 2 8 23
0 2 9 27
0 2 10 27
0 2 11 27
0 2 12 27
0 2 13 27
0 2 14 27
0 2 15 25
0 2 16 25
0 2 17 24
0 2 18 24
0 2 19 24
0 2 20 26
0 2 21 26
0 2 22 26
0 7 3 0 4 5 6 7 8
0 4 17 0 18 19
0 3 15 0 16
0 4 20 0 21 22
0 7 9 0 10 11 12 13 14
26 2
0 4 23 22 24 25
0 2 1 23
0 2 2 23
0 2 3 23
0 2 4 22
0 2 5 22
0 2 6 24
0 2 7 24
0 2 8 23
0 2 9 23
0 2 10 23
0 2 11 24
0 2 12 24
0 2 13 25
0 2 14 25
0 2 15 25
0 2 16 25
0 2 17 25
0 2 18 25
0 2 19 25
0 2 20 22
0 2 21 22
0 3 22 22 22
0 7 1 0 2 3 8 9 10
0 5 6 0 7 11 12
0 8 13 0 14 15 16 17 18 19
25 2
0 4 21 23 22 24
0 2 1 21
0 2 2 21
0 2 3 21
0 2 4 21
0 2 5 21
0 2 6 21
0 2 7 23
0 2 8 23
0 2 9 23
0 2 10 23
0 2 11 23
0 2 12 23
0 2 13 22
0 2 14 22
0 2 15 22
0 2 16 22
0 2 17 22
0 2 18 22
0 2 19 24
0 2 20 24
0 2 21 24
0 7 13 0 14 15 16 17 18
0 7 7 0 8 9 10 11 12
0 4 19 0 20 21
20 2
0 3 18 17 19
0 2 1 18
0 2 2 18
0 2 3 18
0 2 4 18
0 2 5 18
0 2 6 18
0 2 7 17
0 2 8 17
0 2 9 19
0 2 10 19
0 2 11 19
0 2 12 17
0 2 13 17
0 2 14 17
0 2 15 19
0 2 16 19
0 2 17 19
0 7 1 0 2 3 4 5 6
0 7 9 0 10 11 15 16 17
21 2
0 4 17 18 19 20
0 2 1 17
0 2 2 17
0 2 3 17
0 2 4 17
0 2 5 17
0 2 6 17
0 2 7 18
0 2 8 18
0 2 9 19
0 2 10 19
0 2 11 19
0 2 12 19
0 2 13 19
0 2 14 19
0 2 15 20
0 2 16 20
0 2 17 20
0 3 7 0 8
0 7 9 0 10 11 12 13 14
0 4 15 0 16 17
23 2
0 5 22 21 20 18 19
0 2 1 22
0 2 2 22
0 2 3 22
0 2 4 21
0 2 5 21
0 2 6 20
0 2 7 20
0 2 8 20
0 2 9 21
0 2 10 18
0 2 11 18
0 2 12 18
0 2 13 18
0 2 14 18
0 2 15 18
0 2 16 19
0 2 17 19
0 2 18 19
0 4 16 0 17 18
0 4 6 0 7 8
0 4 4 0 5 9
0 4 1 0 2 3
22 2
0 4 18 21 19 20
0 2 1 18
0 2 2 18
0 2 3 18
0 2 4 18
0 2 5 18
0 2 6 18
0 2 7 21
0 2 8 21
0 2 9 21
0 2 10 19
0 2 11 19
0 2 12 19
0 2 13 19
0 2 14 19
0 2 15 19
0 2 16 20
0 2 17 20
0 2 18 20
0 7 10 0 11 12 13 14 15
0 4 16 0 17 18
0 4 7 0 8 9
20 2
0 3 17 18 19
0 2 1 17
0 2 2 17
0 2 3 17
0 2 4 17
0 2 5 17
0 2 6 17
0 2 7 18
0 2 8 18
0 2 9 18
0 2 10 17
0 2 11 19
0 2 12 19
0 2 13 19
0 2 14 19
0 2 15 19
0 2 16 19
0 2 17 19
0 4 7 0 8 9
0 8 11 0 12 13 14 15 16 17
28 2
0 5 23 26 25 27 24
0 2 1 23
0 2 2 23
0 2 3 23
0 2 4 23
0 2 5 23
0 2 6 23
0 2 7 26
0 2 8 26
0 2 9 26
0 2 10 26
0 2 11 26
0 2 12 25
0 2 13 25
0 2 14 25
0 2 15 25
0 2 16 27
0 2 17 27
0 2 18 27
0 2 19 27
0 2 20 27
0 2 21 24
0 2 22 24
0 2 23 24
0 4 21 0 22 23
0 5 12 0 13 14 15
0 6 7 0 8 9 10 11
0 6 16 0 17 18 19 20
32 2
0 5 31 28 27 29 30
0 2 1 31
0 2 2 31
0 2 3 28
0 2 4 28
0 2 5 28
0 2 6 28
0 2 7 27
0 2 8 27
0 2 9 27
0 2 10 29
0 2 11 29
0 2 12 30
0 2 13 30
0 2 14 30
0 2 15 31
0 2 16 31
0 2 17 31
0 2 18 31
0 2 19 31
0 2 20 28
0 2 21 28
0 2 22 27
0 2 23 27
0 2 24 31
0 2 25 29
0 2 26 29
0 2 27 29
0 7 3 0 4 5 6 20 21
0 6 10 0 11 25 26 27
0 4 12 0 13 14
0 9 1 0 2 15 16 17 18 19 24
21 2
0 4 17 19 20 18
0 2 1 17
0 2 2 17
0 2 3 19
0 2 4 19
0 2 5 17
0 2 6 17
0 2 7 20
0 2 8 20
0 2 9 20
0 2 10 19
0 2 11 19
0 2 12 19
0 2 13 18
0 2 14 18
0 2 15 18
0 2 16 19
0 2 17 18
0 5 13 0 14 15 17
0 7 3 0 4 10 11 12 16
0 4 7 0 8 9
17 2
0 4 15 14 16 13
0 2 1 15
0 2 2 14
0 2 3 14
0 2 4 15
0 2 5 15
0 2 6 15
0 2 7 16
0 2 8 16
0 2 9 16
0 2 10 13
0 2 11 13
0 2 12 13
0 2 13 14
0 4 2 0 3 13
0 5 1 0 4 5 6
0 4 7 0 8 9
27 2
0 4 26 24 25 23
0 2 1 26
0 2 2 26
0 2 3 26
0 2 4 24
0 2 5 26
0 2 6 26
0 2 7 26
0 2 8 25
0 2 9 25
0 2 10 25
0 2 11 25
0 2 12 23
0 2 13 23
0 2 14 23
0 2 15 23
0 2 16 25
0 2 17 25
0 2 18 24
0 2 19 24
0 2 20 24
0 2 21 23
0 2 22 23
0 3 23 23 23
0 5 4 0 18 19 20
0 7 8 0 9 10 11 16 17
0 7 1 0 2 3 5 6 7
20 2
0 3 17 19 18
0 2 1 17
0 2 2 17
0 2 3 19
0 2 4 19
0 2 5 19
0 2 6 17
0 2 7 17
0 2 8 17
0 2 9 17
0 2 10 19
0 2 11 19
0 2 12 19
0 2 13 18
0 2 14 18
0 2 15 18
0 2 16 18
0 2 17 18
0 6 13 0 14 15 16 17
0 7 3 0 4 5 10 11 12
27 2
0 4 25 26 23 24
0 2 1 25
0 2 2 25
0 2 3 25
0 2 4 25
0 2 5 25
0 2 6 25
0 2 7 26
0 2 8 26
0 2 9 26
0 2 10 25
0 2 11 25
0 2 12 23
0 2 13 24
0 2 14 24
0 2 15 24
0 2 16 23
0 2 17 23
0 2 18 23
0 2 19 23
0 2 20 23
0 2 21 24
0 2 22 24
0 2 23 24
0 7 13 0 14 15 21 22 23
0 9 1 0 2 3 4 5 6 10 11
0 4 7 0 8 9
28 2
0 5 24 23 27 26 25
0 2 1 24
0 2 2 24
0 2 3 24
0 2 4 23
0 2 5 23
0 2 6 23
0 2 7 27
0 2 8 27
0 2 9 27
0 2 10 27
0 2 11 26
0 2 12 26
0 2 13 26
0 2 14 23
0 2 15 23
0 2 16 23
0 2 17 23
0 2 18 24
0 2 19 26
0 2 20 26
0 2 21 25
0 2 22 25
0 2 23 25
0 5 1 0 2 3 18
0 4 21 0 22 23
0 6 11 0 12 13 19 20
0 5 7 0 8 9 10
26 2
0 4 22 25 24 23
0 2 1 22
0 2 2 22
0 2 3 22
0 2 4 22
0 2 5 22
0 2 6 22
0 2 7 25
0 2 8 25
0 2 9 25
0 2 10 25
0 2 11 25
0 2 12 25
0 2 13 24
0 2 14 24
0 2 15 23
0 2 16 23
0 2 17 23
0 2 18 23
0 2 19 23
0 2 20 24
0 2 21 24
0 2 22 24
0 6 15 0 16 17 18 19
0 6 13 0 14 20 21 22
0 7 7 0 8 9 10 11 12
30 2
0 6 24 28 27 29 25 26
0 2 1 24
0 2 2 24
0 2 3 24
0 2 4 24
0 2 5 24
0 2 6 24
0 2 7 28
0 2 8 28
0 2 9 28
0 2 10 28
0 2 11 28
0 2 12 28
0 2 13 27
0 2 14 27
0 2 15 27
0 2 16 29
0 2 17 29
0 2 18 29
0 2 19 25
0 2 20 25
0 2 21 25
0 2 22 26
0 2 23 26
0 2 24 26
0 4 19 0 20 21
0 4 22 0 23 24
0 4 13 0 14 15
0 7 7 0 8 9 10 11 12
0 4 16 0 17 18
28 2
0 5 25 26 27 24 23
0 2 1 25
0 2 2 25
0 2 3 25
0 2 4 25
0 2 5 25
0 2 6 26
0 2 7 26
0 2 8 26
0 2 9 26
0 2 10 27
0 2 11 27
0 2 12 27
0 2 13 27
0 2 14 25
0 2 15 24
0 2 16 24
0 2 17 24
0 2 18 24
0 2 19 24
0 2 20 24
0 2 21 23
0 2 22 23
0 3 23 23 23
0 7 15 0 16 17 18 19 20
0 7 1 0 2 3 4 5 14
0 5 6 0 7 8 9
0 5 10 0 11 12 13
21 2
0 4 17 18 19 20
0 2 1 17
0 2 2 17
0 2 3 17
0 2 4 18
0 2 5 18
0 2 6 18
0 2 7 18
0 2 8 18
0 2 9 19
0 2 10 19
0 2 11 19
0 2 12 19
0 2 13 19
0 2 14 19
0 2 15 20
0 2 16 20
0 2 17 20
0 6 4 0 5 6 7 8
0 7 9 0 10 11 12 13 14
0 4 15 0 16 17
21 2
0 4 18 17 19 20
0 2 1 18
0 2 2 18
0 2 3 18
0 2 4 18
0 2 5 18
0 2 6 18
0 2 7 17
0 2 8 17
0 2 9 19
0 2 10 19
0 2 11 19
0 2 12 19
0 2 13 19
0 2 14 19
0 2 15 20
0 2 16 20
0 2 17 20
0 7 1 0 2 3 4 5 6
0 7 9 0 10 11 12 13 14
0 4 15 0 16 17
20 2
0 3 17 19 18
0 2 1 17
0 2 2 17
0 2 3 19
0 2 4 19
0 2 5 19
0 2 6 17
0 2 7 17
0 2 8 17
0 2 9 17
0 2 10 19
0 2 11 19
0 2 12 19
0 2 13 18
0 2 14 18
0 2 15 18
0 2 16 18
0 2 17 18
0 6 13 0 14 15 16 17
0 7 3 0 4 5 10 11 12
23 2
0 4 20 22 19 21
0 2 1 20
0 2 2 20
0 2 3 20
0 2 4 20
0 2 5 20
0 2 6 20
0 2 7 22
0 2 8 22
0 2 9 22
0 2 10 22
0 2 11 22
0 2 12 22
0 2 13 19
0 2 14 19
0 2 15 19
0 2 16 19
0 2 17 21
0 2 18 21
0 2 19 21
0 7 1 0 2 3 4 5 6
0 4 17 0 18 19
0 7 7 0 8 9 10 11 12
21 2
0 4 18 19 17 20
0 2 1 18
0 2 2 18
0 2 3 18
0 2 4 18
0 2 5 18
0 2 6 18
0 2 7 19
0 2 8 19
0 2 9 19
0 2 10 17
0 2 11 17
0 2 12 17
0 2 13 20
0 2 14 20
0 2 15 20
0 2 16 20
0 2 17 20
0 7 1 0 2 3 4 5 6
0 4 7 0 8 9
0 6 13 0 14 15 16 17
16 2
0 4 12 14 15 13
0 2 1 12
0 2 2 12
0 2 3 12
0 2 4 14
0 2 5 14
0 2 6 14
0 2 7 15
0 2 8 15
0 2 9 15
0 2 10 13
0 2 11 13
0 2 12 13
0 4 10 0 11 12
0 4 4 0 5 6
0 4 7 0 8 9
28 2
0 5 23 25 27 26 24
0 2 1 23
0 2 2 23
0 2 3 23
0 2 4 25
0 2 5 25
0 2 6 25
0 2 7 27
0 2 8 27
0 2 9 26
0 2 10 26
0 2 11 26
0 2 12 26
0 2 13 26
0 2 14 26
0 2 15 27
0 2 16 27
0 2 17 24
0 2 18 24
0 2 19 24
0 2 20 25
0 2 21 25
0 2 22 25
0 2 23 25
0 4 17 0 18 19
0 8 4 0 5 6 20 21 22 23
0 7 9 0 10 11 12 13 14
0 5 7 0 8 15 16
27 2
0 5 22 23 25 24 26
0 2 1 22
0 2 2 22
0 2 3 23
0 2 4 23
0 2 5 23
0 2 6 25
0 2 7 25
0 2 8 25
0 2 9 24
0 2 10 23
0 2 11 23
0 2 12 24
0 2 13 24
0 2 14 24
0 2 15 26
0 2 16 26
0 2 17 26
0 2 18 23
0 2 19 23
0 2 20 22
0 2 21 22
0 3 22 22 22
0 8 3 0 4 5 10 11 18 19
0 5 9 0 12 13 14
0 4 6 0 7 8
0 4 15 0 16 17
20 2
0 3 18 19 17
0 2 1 18
0 2 2 18
0 2 3 18
0 2 4 18
0 2 5 18
0 2 6 19
0 2 7 19
0 2 8 19
0 2 9 19
0 2 10 19
0 2 11 19
0 2 12 19
0 2 13 18
0 2 14 18
0 2 15 17
0 2 16 17
0 3 17 17 17
0 8 1 0 2 3 4 5 13 14
0 8 6 0 7 8 9 10 11 12
24 2
0 4 21 23 20 22
0 2 1 21
0 2 2 21
0 2 3 21
0 2 4 21
0 2 5 21
0 2 6 21
0 2 7 23
0 2 8 23
0 2 9 23
0 2 10 20
0 2 11 20
0 2 12 20
0 2 13 20
0 2 14 20
0 2 15 20
0 2 16 20
0 2 17 21
0 2 18 22
0 2 19 22
0 2 20 22
0 8 1 0 2 3 4 5 6 17
0 4 18 0 19 20
0 4 7 0 8 9
23 2
0 4 19 22 20 21
0 2 1 19
0 2 2 19
0 2 3 19
0 2 4 19
0 2 5 19
0 2 6 19
0 2 7 22
0 2 8 22
0 2 9 22
0 2 10 20
0 2 11 20
0 2 12 20
0 2 13 20
0 2 14 20
0 2 15 20
0 2 16 20
0 2 17 21
0 2 18 21
0 2 19 21
0 8 10 0 11 12 13 14 15 16
0 4 17 0 18 19
0 4 7 0 8 9
20 2
0 4 17 18 16 19
0 2 1 17
0 2 2 17
0 2 3 18
0 2 4 18
0 2 5 18
0 2 6 18
0 2 7 18
0 2 8 18
0 2 9 16
0 2 10 16
0 2 11 16
0 2 12 17
0 2 13 17
0 2 14 19
0 2 15 19
0 2 16 19
0 5 1 0 2 12 13
0 7 3 0 4 5 6 7 8
0 4 14 0 15 16
30 2
0 4 26 27 29 28
0 2 1 26
0 2 2 26
0 2 3 26
0 2 4 27
0 2 5 27
0 2 6 27
0 2 7 27
0 2 8 26
0 2 9 26
0 2 10 26
0 2 11 29
0 2 12 29
0 2 13 29
0 2 14 29
0 2 15 28
0 2 16 28
0 2 17 28
0 2 18 28
0 2 19 28
0 2 20 28
0 2 21 29
0 2 22 29
0 2 23 29
0 2 24 27
0 2 25 27
0 2 26 27
0 8 4 0 5 6 7 24 25 26
0 7 15 0 16 17 18 19 20
0 8 11 0 12 13 14 21 22 23
31 2
0 5 26 28 29 30 27
0 2 1 26
0 2 2 26
0 2 3 28
0 2 4 28
0 2 5 28
0 2 6 28
0 2 7 29
0 2 8 29
0 2 9 30
0 2 10 30
0 2 11 28
0 2 12 28
0 2 13 26
0 2 14 26
0 2 15 27
0 2 16 27
0 2 17 27
0 2 18 27
0 2 19 27
0 2 20 27
0 2 21 30
0 2 22 30
0 2 23 30
0 2 24 29
0 2 25 29
0 2 26 29
0 7 15 0 16 17 18 19 20
0 7 3 0 4 5 6 11 12
0 6 7 0 8 24 25 26
0 6 9 0 10 21 22 23
23 2
0 4 21 20 19 22
0 2 1 21
0 2 2 21
0 2 3 21
0 2 4 21
0 2 5 21
0 2 6 21
0 2 7 20
0 2 8 20
0 2 9 20
0 2 10 21
0 2 11 19
0 2 12 19
0 2 13 19
0 2 14 19
0 2 15 19
0 2 16 19
0 2 17 22
0 2 18 22
0 2 19 22
0 4 7 0 8 9
0 8 1 0 2 3 4 5 6 10
0 4 17 0 18 19
23 2
0 4 21 20 19 22
0 2 1 21
0 2 2 21
0 2 3 21
0 2 4 21
0 2 5 21
0 2 6 21
0 2 7 20
0 2 8 20
0 2 9 20
0 2 10 19
0 2 11 19
0 2 12 19
0 2 13 19
0 2 14 22
0 2 15 22
0 2 16 22
0 2 17 21
0 2 18 22
0 3 19 19 19
0 4 7 0 8 9
0 8 1 0 2 3 4 5 6 17
0 5 14 0 15 16 18
21 2
0 4 17 20 19 18
0 2 1 17
0 2 2 17
0 2 3 20
0 2 4 20
0 2 5 17
0 2 6 17
0 2 7 17
0 2 8 19
0 2 9 19
0 2 10 19
0 2 11 18
0 2 12 20
0 2 13 20
0 2 14 20
0 2 15 18
0 2 16 18
0 2 17 18
0 5 11 0 15 16 17
0 4 8 0 9 10
0 6 3 0 4 12 13 14
26 2
0 5 23 25 22 24 21
0 2 1 23
0 2 2 23
0 2 3 23
0 2 4 23
0 2 5 23
0 2 6 23
0 2 7 25
0 2 8 25
0 2 9 25
0 2 10 25
0 2 11 25
0 2 12 25
0 2 13 22
0 2 14 22
0 2 15 22
0 2 16 24
0 2 17 24
0 2 18 24
0 2 19 21
0 2 20 21
0 3 21 21 21
0 4 13 0 14 15
0 7 1 0 2 3 4 5 6
0 4 16 0 17 18
0 7 7 0 8 9 10 11 12
30 2
0 5 27 25 28 29 26
0 2 1 27
0 2 2 27
0 2 3 25
0 2 4 28
0 2 5 28
0 2 6 28
0 2 7 28
0 2 8 28
0 2 9 28
0 2 10 27
0 2 11 27
0 2 12 29
0 2 13 29
0 2 14 29
0 2 15 29
0 2 16 29
0 2 17 26
0 2 18 26
0 2 19 25
0 2 20 25
0 2 21 26
0 2 22 26
0 2 23 26
0 2 24 26
0 3 25 25 25
0 7 17 0 18 21 22 23 24
0 5 1 0 2 10 11
0 7 4 0 5 6 7 8 9
0 6 12 0 13 14 15 16
27 2
0 4 23 24 26 25
0 2 1 23
0 2 2 24
0 2 3 24
0 2 4 24
0 2 5 23
0 2 6 23
0 2 7 23
0 2 8 23
0 2 9 24
0 2 10 24
0 2 11 26
0 2 12 25
0 2 13 25
0 2 14 24
0 2 15 25
0 2 16 25
0 2 17 25
0 2 18 25
0 2 19 26
0 2 20 26
0 2 21 26
0 2 22 26
0 2 23 26
0 7 2 0 3 4 9 10 14
0 7 12 0 13 15 16 17 18
0 7 11 0 19 20 21 22 23
24 2
0 5 19 21 22 20 23
0 2 1 19
0 2 2 19
0 2 3 21
0 2 4 21
0 2 5 21
0 2 6 21
0 2 7 22
0 2 8 20
0 2 9 20
0 2 10 19
0 2 11 20
0 2 12 20
0 2 13 20
0 2 14 22
0 2 15 22
0 2 16 22
0 2 17 23
0 2 18 23
0 2 19 23
0 6 8 0 9 11 12 13
0 5 3 0 4 5 6
0 5 7 0 14 15 16
0 4 17 0 18 19
20 2
0 3 18 17 19
0 2 1 18
0 2 2 18
0 2 3 18
0 2 4 18
0 2 5 18
0 2 6 18
0 2 7 17
0 2 8 17
0 2 9 17
0 2 10 18
0 2 11 19
0 2 12 19
0 2 13 19
0 2 14 19
0 2 15 19
0 2 16 19
0 2 17 19
0 8 1 0 2 3 4 5 6 10
0 8 11 0 12 13 14 15 16 17
27 2
0 4 24 25 26 23
0 2 1 24
0 2 2 24
0 2 3 24
0 2 4 24
0 2 5 24
0 2 6 25
0 2 7 25
0 2 8 25
0 2 9 25
0 2 10 25
0 2 11 25
0 2 12 25
0 2 13 26
0 2 14 26
0 2 15 26
0 2 16 26
0 2 17 26
0 2 18 26
0 2 19 26
0 2 20 26
0 2 21 23
0 2 22 23
0 3 23 23 23
0 6 1 0 2 3 4 5
0 8 6 0 7 8 9 10 11 12
0 9 13 0 14 15 16 17 18 19 20
24 2
0 4 22 23 21 20
0 2 1 22
0 2 2 22
0 2 3 22
0 2 4 22
0 2 5 22
0 2 6 22
0 2 7 23
0 2 8 23
0 2 9 23
0 2 10 21
0 2 11 21
0 2 12 21
0 2 13 21
0 2 14 21
0 2 15 20
0 2 16 20
0 2 17 21
0 2 18 20
0 2 19 20
0 3 20 20 20
0 7 10 0 11 12 13 14 17
0 7 1 0 2 3 4 5 6
0 4 7 0 8 9
24 2
0 4 20 22 21 23
0 2 1 20
0 2 2 20
0 2 3 20
0 2 4 20
0 2 5 20
0 2 6 20
0 2 7 22
0 2 8 22
0 2 9 21
0 2 10 21
0 2 11 21
0 2 12 22
0 2 13 22
0 2 14 23
0 2 15 23
0 2 16 21
0 2 17 23
0 2 18 23
0 2 19 23
0 2 20 23
0 5 9 0 10 11 16
0 5 7 0 8 12 13
0 7 14 0 15 17 18 19 20
27 2
0 4 24 23 26 25
0 2 1 24
0 2 2 24
0 2 3 24
0 2 4 24
0 2 5 24
0 2 6 24
0 2 7 23
0 2 8 23
0 2 9 23
0 2 10 23
0 2 11 26
0 2 12 26
0 2 13 26
0 2 14 26
0 2 15 25
0 2 16 25
0 2 17 25
0 2 18 25
0 2 19 25
0 2 20 25
0 2 21 26
0 2 22 26
0 2 23 26
0 7 1 0 2 3 4 5 6
0 7 15 0 16 17 18 19 20
0 8 11 0 12 13 14 21 22 23
23 2
0 4 20 21 19 22
0 2 1 20
0 2 2 20
0 2 3 20
0 2 4 20
0 2 5 20
0 2 6 20
0 2 7 21
0 2 8 21
0 2 9 21
0 2 10 19
0 2 11 19
0 2 12 19
0 2 13 19
0 2 14 19
0 2 15 19
0 2 16 20
0 2 17 22
0 2 18 22
0 2 19 22
0 8 1 0 2 3 4 5 6 16
0 4 7 0 8 9
0 4 17 0 18 19
33 2
0 5 28 31 30 32 29
0 2 1 28
0 2 2 28
0 2 3 28
0 2 4 31
0 2 5 31
0 2 6 30
0 2 7 30
0 2 8 28
0 2 9 28
0 2 10 28
0 2 11 28
0 2 12 32
0 2 13 32
0 2 14 32
0 2 15 32
0 2 16 32
0 2 17 32
0 2 18 32
0 2 19 32
0 2 20 29
0 2 21 29
0 2 22 29
0 2 23 30
0 2 24 30
0 2 25 30
0 2 26 31
0 2 27 31
0 2 28 31
0 4 20 0 21 22
0 6 6 0 7 23 24 25
0 6 4 0 5 26 27 28
0 9 12 0 13 14 15 16 17 18 19
30 2
0 4 28 29 27 26
0 2 1 28
0 2 2 28
0 2 3 28
0 2 4 29
0 2 5 29
0 2 6 29
0 2 7 29
0 2 8 28
0 2 9 28
0 2 10 28
0 2 11 27
0 2 12 27
0 2 13 27
0 2 14 27
0 2 15 26
0 2 16 26
0 2 17 26
0 2 18 26
0 2 19 26
0 2 20 26
0 2 21 27
0 2 22 27
0 2 23 27
0 2 24 29
0 2 25 29
0 2 26 29
0 8 11 0 12 13 14 21 22 23
0 7 1 0 2 3 8 9 10
0 8 4 0 5 6 7 24 25 26
20 2
0 4 16 19 17 18
0 2 1 16
0 2 2 16
0 2 3 16
0 2 4 19
0 2 5 19
0 2 6 19
0 2 7 19
0 2 8 19
0 2 9 19
0 2 10 17
0 2 11 17
0 2 12 17
0 2 13 17
0 2 14 18
0 2 15 18
0 2 16 18
0 5 10 0 11 12 13
0 4 14 0 15 16
0 7 4 0 5 6 7 8 9
26 2
0 3 24 23 25
0 2 1 24
0 2 2 24
0 2 3 24
0 2 4 24
0 2 5 24
0 2 6 24
0 2 7 24
0 2 8 24
0 2 9 24
0 2 10 24
0 2 11 23
0 2 12 23
0 2 13 23
0 2 14 23
0 2 15 25
0 2 16 25
0 2 17 25
0 2 18 25
0 2 19 23
0 2 20 23
0 2 21 25
0 2 22 25
0 2 23 25
0 11 1 0 2 3 4 5 6 7 8 9 10
0 8 15 0 16 17 18 21 22 23
22 2
0 4 19 18 20 21
0 2 1 19
0 2 2 19
0 2 3 19
0 2 4 19
0 2 5 19
0 2 6 19
0 2 7 18
0 2 8 18
0 2 9 18
0 2 10 18
0 2 11 18
0 2 12 18
0 2 13 20
0 2 14 20
0 2 15 20
0 2 16 21
0 2 17 21
0 2 18 21
0 7 1 0 2 3 4 5 6
0 4 13 0 14 15
0 4 16 0 17 18
20 2
0 3 17 18 19
0 2 1 17
0 2 2 17
0 2 3 17
0 2 4 17
0 2 5 17
0 2 6 17
0 2 7 17
0 2 8 18
0 2 9 18
0 2 10 18
0 2 11 18
0 2 12 18
0 2 13 18
0 2 14 18
0 2 15 19
0 2 16 19
0 2 17 19
0 8 8 0 9 10 11 12 13 14
0 4 15 0 16 17
23 2
0 4 19 21 20 22
0 2 1 19
0 2 2 19
0 2 3 19
0 2 4 21
0 2 5 21
0 2 6 21
0 2 7 21
0 2 8 19
0 2 9 19
0 2 10 19
0 2 11 20
0 2 12 20
0 2 13 20
0 2 14 20
0 2 15 20
0 2 16 20
0 2 17 22
0 2 18 22
0 2 19 22
0 7 11 0 12 13 14 15 16
0 5 4 0 5 6 7
0 4 17 0 18 19
15 2
0 3 12 13 14
0 2 1 12
0 2 2 12
0 2 3 12
0 2 4 12
0 2 5 12
0 2 6 12
0 2 7 13
0 2 8 13
0 2 9 13
0 2 10 14
0 2 11 14
0 2 12 14
0 4 7 0 8 9
0 4 10 0 11 12
29 2
0 4 26 27 28 25
0 2 1 26
0 2 2 26
0 2 3 26
0 2 4 26
0 2 5 26
0 2 6 26
0 2 7 27
0 2 8 27
0 2 9 27
0 2 10 27
0 2 11 27
0 2 12 27
0 2 13 28
0 2 14 28
0 2 15 25
0 2 16 25
0 2 17 25
0 2 18 25
0 2 19 25
0 2 20 28
0 2 21 28
0 2 22 28
0 2 23 27
0 2 24 27
0 2 25 27
0 7 1 0 2 3 4 5 6
0 10 7 0 8 9 10 11 12 23 24 25
0 6 13 0 14 20 21 22
19 2
0 3 17 16 18
0 2 1 17
0 2 2 17
0 2 3 17
0 2 4 17
0 2 5 16
0 2 6 16
0 2 7 16
0 2 8 16
0 2 9 16
0 2 10 16
0 2 11 16
0 2 12 17
0 2 13 17
0 2 14 18
0 2 15 18
0 2 16 18
0 7 1 0 2 3 4 12 13
0 4 14 0 15 16
27 2
0 4 23 26 24 25
0 2 1 23
0 2 2 23
0 2 3 23
0 2 4 23
0 2 5 23
0 2 6 23
0 2 7 26
0 2 8 26
0 2 9 24
0 2 10 24
0 2 11 24
0 2 12 24
0 2 13 24
0 2 14 24
0 2 15 26
0 2 16 26
0 2 17 26
0 2 18 25
0 2 19 25
0 2 20 25
0 2 21 25
0 2 22 25
0 2 23 25
0 7 9 0 10 11 12 13 14
0 7 18 0 19 20 21 22 23
0 6 7 0 8 15 16 17
27 2
0 4 26 24 25 23
0 2 1 26
0 2 2 26
0 2 3 26
0 2 4 26
0 2 5 26
0 2 6 24
0 2 7 25
0 2 8 25
0 2 9 25
0 2 10 25
0 2 11 25
0 2 12 25
0 2 13 24
0 2 14 24
0 2 15 24
0 2 16 26
0 2 17 26
0 2 18 26
0 2 19 23
0 2 20 23
0 2 21 23
0 2 22 23
0 3 23 23 23
0 5 6 0 13 14 15
0 7 7 0 8 9 10 11 12
0 9 1 0 2 3 4 5 16 17 18
19 2
0 3 18 16 17
0 2 1 18
0 2 2 18
0 2 3 18
0 2 4 18
0 2 5 18
0 2 6 18
0 2 7 16
0 2 8 16
0 2 9 16
0 2 10 16
0 2 11 16
0 2 12 16
0 2 13 18
0 2 14 17
0 2 15 17
0 2 16 17
0 4 14 0 15 16
0 8 1 0 2 3 4 5 6 13
24 2
0 4 20 22 21 23
0 2 1 20
0 2 2 20
0 2 3 20
0 2 4 20
0 2 5 20
0 2 6 22
0 2 7 22
0 2 8 22
0 2 9 21
0 2 10 21
0 2 11 21
0 2 12 21
0 2 13 22
0 2 14 23
0 2 15 23
0 2 16 23
0 2 17 21
0 2 18 23
0 2 19 23
0 2 20 23
0 6 9 0 10 11 12 17
0 5 6 0 7 8 13
0 7 14 0 15 16 18 19 20
28 2
0 5 23 27 24 26 25
0 2 1 23
0 2 2 23
0 2 3 23
0 2 4 23
0 2 5 23
0 2 6 23
0 2 7 27
0 2 8 27
0 2 9 27
0 2 10 27
0 2 11 27
0 2 12 27
0 2 13 24
0 2 14 24
0 2 15 26
0 2 16 26
0 2 17 25
0 2 18 25
0 2 19 25
0 2 20 25
0 2 21 26
0 2 22 26
0 2 23 26
0 3 13 0 14
0 5 17 0 18 19 20
0 6 15 0 16 21 22 23
0 7 7 0 8 9 10 11 12
29 2
0 4 25 26 27 28
0 2 1 25
0 2 2 25
0 2 3 25
0 2 4 26
0 2 5 26
0 2 6 27
0 2 7 27
0 2 8 25
0 2 9 25
0 2 10 25
0 2 11 25
0 2 12 28
0 2 13 28
0 2 14 27
0 2 15 27
0 2 16 27
0 2 17 28
0 2 18 28
0 2 19 28
0 2 20 26
0 2 21 26
0 2 22 26
0 2 23 26
0 2 24 26
0 2 25 26
0 9 4 0 5 20 21 22 23 24 25
0 6 6 0 7 14 15 16
0 6 12 0 13 17 18 19
23 2
0 4 19 20 21 22
0 2 1 19
0 2 2 19
0 2 3 19
0 2 4 19
0 2 5 19
0 2 6 19
0 2 7 20
0 2 8 20
0 2 9 20
0 2 10 21
0 2 11 21
0 2 12 22
0 2 13 22
0 2 14 20
0 2 15 22
0 2 16 22
0 2 17 22
0 2 18 21
0 2 19 21
0 5 7 0 8 9 14
0 5 10 0 11 18 19
0 6 12 0 13 15 16 17
29 2
0 6 24 28 27 25 26 23
0 2 1 24
0 2 2 24
0 2 3 24
0 2 4 28
0 2 5 27
0 2 6 24
0 2 7 27
0 2 8 27
0 2 9 27
0 2 10 25
0 2 11 25
0 2 12 26
0 2 13 26
0 2 14 28
0 2 15 28
0 2 16 28
0 2 17 23
0 2 18 23
0 2 19 25
0 2 20 25
0 2 21 23
0 2 22 23
0 3 23 23 23
0 5 1 0 2 3 6
0 5 10 0 11 19 20
0 3 12 0 13
0 5 5 0 7 8 9
0 5 4 0 14 15 16
23 2
0 4 20 19 21 22
0 2 1 20
0 2 2 20
0 2 3 19
0 2 4 19
0 2 5 19
0 2 6 19
0 2 7 19
0 2 8 21
0 2 9 21
0 2 10 21
0 2 11 19
0 2 12 19
0 2 13 20
0 2 14 20
0 2 15 22
0 2 16 22
0 2 17 22
0 2 18 22
0 2 19 22
0 5 1 0 2 13 14
0 4 8 0 9 10
0 6 15 0 16 17 18 19
24 2
0 5 19 21 23 20 22
0 2 1 19
0 2 2 19
0 2 3 19
0 2 4 21
0 2 5 21
0 2 6 21
0 2 7 21
0 2 8 19
0 2 9 19
0 2 10 19
0 2 11 23
0 2 12 23
0 2 13 23
0 2 14 20
0 2 15 20
0 2 16 20
0 2 17 22
0 2 18 22
0 2 19 22
0 4 14 0 15 16
0 5 4 0 5 6 7
0 4 17 0 18 19
0 4 11 0 12 13
30 2
0 5 28 26 27 29 25
0 2 1 28
0 2 2 28
0 2 3 28
0 2 4 26
0 2 5 26
0 2 6 26
0 2 7 27
0 2 8 28
0 2 9 28
0 2 10 28
0 2 11 28
0 2 12 28
0 2 13 29
0 2 14 29
0 2 15 27
0 2 16 27
0 2 17 29
0 2 18 29
0 2 19 29
0 2 20 26
0 2 21 26
0 2 22 26
0 2 23 25
0 2 24 25
0 3 25 25 25
0 7 4 0 5 6 20 21 22
0 4 7 0 15 16
0 9 1 0 2 3 8 9 10 11 12
0 6 13 0 14 17 18 19
22 2
0 4 19 21 18 20
0 2 1 19
0 2 2 19
0 2 3 19
0 2 4 19
0 2 5 19
0 2 6 21
0 2 7 21
0 2 8 21
0 2 9 21
0 2 10 21
0 2 11 21
0 2 12 18
0 2 13 18
0 2 14 18
0 2 15 18
0 2 16 20
0 2 17 20
0 2 18 20
0 6 1 0 2 3 4 5
0 4 16 0 17 18
0 7 6 0 7 8 9 10 11
18 2
0 3 15 16 17
0 2 1 15
0 2 2 15
0 2 3 15
0 2 4 16
0 2 5 16
0 2 6 16
0 2 7 16
0 2 8 15
0 2 9 15
0 2 10 15
0 2 11 17
0 2 12 17
0 2 13 17
0 2 14 17
0 2 15 17
0 5 4 0 5 6 7
0 6 11 0 12 13 14 15
19 0
0 3 17 16 18
0 2 1 17
0 2 2 17
0 2 3 17
0 2 4 17
0 2 5 17
0 2 6 17
0 2 7 17
0 2 8 16
0 2 9 16
0 2 10 16
0 2 11 16
0 2 12 16
0 2 13 16
0 2 14 18
0 2 15 18
0 2 16 18
0 8 1 0 2 3 4 5 6 7
0 4 14 0 15 16
29 0
0 5 25 26 27 28 24
0 2 1 25
0 2 2 25
0 2 3 25
0 2 4 26
0 2 5 26
0 2 6 25
0 2 7 26
0 2 8 26
0 2 9 26
0 2 10 27
0 2 11 27
0 2 12 27
0 2 13 27
0 2 14 27
0 2 15 27
0 2 16 28
0 2 17 28
0 2 18 28
0 2 19 24
0 2 20 24
0 2 21 24
0 2 22 25
0 2 23 25
0 2 24 25
0 8 1 0 2 3 6 22 23 24
0 6 4 0 5 7 8 9
0 7 10 0 11 12 13 14 15
0 4 16 0 17 18
14 0
0 3 11 12 13
0 2 1 11
0 2 2 12
0 2 3 12
0 2 4 12
0 2 5 12
0 2 6 11
0 2 7 11
0 2 8 11
0 2 9 13
0 2 10 13
0 2 11 13
0 5 2 0 3 4 5
0 4 9 0 10 11
17 0
0 4 13 14 16 15
0 2 1 13
0 2 2 14
0 2 3 14
0 2 4 13
0 2 5 13
0 2 6 13
0 2 7 16
0 2 8 16
0 2 9 16
0 2 10 15
0 2 11 15
0 2 12 15
0 2 13 14
0 4 2 0 3 13
0 4 10 0 11 12
0 4 7 0 8 9
19 0
0 3 16 17 18
0 2 1 16
0 2 2 16
0 2 3 16
0 2 4 16
0 2 5 16
0 2 6 16
0 2 7 17
0 2 8 17
0 2 9 17
0 2 10 17
0 2 11 17
0 2 12 17
0 2 13 18
0 2 14 18
0 2 15 18
0 3 16 16 16
0 7 7 0 8 9 10 11 12
0 4 13 0 14 15
14 0
0 4 11 12 13 10
0 2 1 11
0 2 2 11
0 2 3 12
0 2 4 12
0 2 5 13
0 2 6 13
0 2 7 10
0 2 8 10
0 2 9 10
0 2 10 12
0 3 1 0 2
0 4 3 0 4 10
0 3 5 0 6
26 0
0 5 21 23 25 22 24
0 2 1 21
0 2 2 21
0 2 3 21
0 2 4 21
0 2 5 21
0 2 6 21
0 2 7 23
0 2 8 23
0 2 9 23
0 2 10 25
0 2 11 22
0 2 12 22
0 2 13 22
0 2 14 22
0 2 15 22
0 2 16 25
0 2 17 25
0 2 18 25
0 2 19 24
0 2 20 24
0 2 21 24
0 6 11 0 12 13 14 15
0 4 7 0 8 9
0 4 19 0 20 21
0 5 10 0 16 17 18
17 0
0 4 13 14 15 16
0 2 1 13
0 2 2 13
0 2 3 14
0 2 4 14
0 2 5 14
0 2 6 15
0 2 7 16
0 2 8 16
0 2 9 13
0 2 10 13
0 2 11 15
0 2 12 15
0 2 13 15
0 4 3 0 4 5
0 5 6 0 11 12 13
0 3 7 0 8
20 0
0 3 17 18 19
0 2 1 17
0 2 2 17
0 2 3 17
0 2 4 17
0 2 5 17
0 2 6 17
0 2 7 17
0 2 8 18
0 2 9 18
0 2 10 18
0 2 11 18
0 2 12 18
0 2 13 18
0 2 14 18
0 2 15 19
0 2 16 19
0 2 17 19
0 8 8 0 9 10 11 12 13 14
0 4 15 0 16 17
15 0
0 4 13 11 14 12
0 2 1 13
0 2 2 11
0 2 3 11
0 2 4 14
0 2 5 14
0 2 6 13
0 2 7 13
0 2 8 14
0 2 9 12
0 2 10 12
0 2 11 12
0 4 9 0 10 11
0 4 1 0 6 7
0 4 4 0 5 8
17 0
0 3 14 16 15
0 2 1 14
0 2 2 14
0 2 3 14
0 2 4 16
0 2 5 15
0 2 6 15
0 2 7 15
0 2 8 15
0 2 9 15
0 2 10 16
0 2 11 16
0 2 12 16
0 2 13 14
0 3 14 14 14
0 6 5 0 6 7 8 9
0 5 4 0 10 11 12
15 0
0 4 11 13 14 12
0 2 1 11
0 2 2 11
0 2 3 11
0 2 4 13
0 2 5 13
0 2 6 13
0 2 7 14
0 2 8 14
0 2 9 12
0 2 10 12
0 2 11 12
0 4 9 0 10 11
0 4 4 0 5 6
0 3 7 0 8
23 0
0 4 20 22 21 19
0 2 1 20
0 2 2 20
0 2 3 20
0 2 4 20
0 2 5 20
0 2 6 20
0 2 7 22
0 2 8 22
0 2 9 22
0 2 10 22
0 2 11 21
0 2 12 21
0 2 13 21
0 2 14 21
0 2 15 21
0 2 16 21
0 2 17 19
0 2 18 19
0 3 19 19 19
0 7 1 0 2 3 4 5 6
0 7 11 0 12 13 14 15 16
0 5 7 0 8 9 10
15 0
0 4 11 12 14 13
0 2 1 11
0 2 2 11
0 2 3 12
0 2 4 12
0 2 5 14
0 2 6 11
0 2 7 14
0 2 8 14
0 2 9 13
0 2 10 13
0 2 11 13
0 3 3 0 4
0 4 9 0 10 11
0 4 5 0 7 8
25 0
0 4 23 22 21 24
0 2 1 23
0 2 2 23
0 2 3 23
0 2 4 23
0 2 5 23
0 2 6 23
0 2 7 23
0 2 8 23
0 2 9 22
0 2 10 22
0 2 11 21
0 2 12 21
0 2 13 24
0 2 14 24
0 2 15 22
0 2 16 22
0 2 17 24
0 2 18 24
0 2 19 24
0 2 20 24
0 3 21 21 21
0 5 9 0 10 15 16
0 9 1 0 2 3 4 5 6 7 8
0 7 13 0 14 17 18 19 20
15 0
0 4 13 11 14 12
0 2 1 13
0 2 2 11
0 2 3 11
0 2 4 14
0 2 5 14
0 2 6 13
0 2 7 12
0 2 8 12
0 2 9 12
0 2 10 14
0 3 11 11 11
0 4 7 0 8 9
0 3 1 0 6
0 4 4 0 5 10
16 0
0 3 13 14 15
0 2 1 13
0 2 2 13
0 2 3 13
0 2 4 13
0 2 5 14
0 2 6 14
0 2 7 14
0 2 8 14
0 2 9 13
0 2 10 13
0 2 11 15
0 2 12 15
0 2 13 15
0 5 5 0 6 7 8
0 4 11 0 12 13
14 0
0 3 11 12 13
0 2 1 11
0 2 2 11
0 2 3 11
0 2 4 12
0 2 5 12
0 2 6 12
0 2 7 12
0 2 8 13
0 2 9 13
0 2 10 13
0 3 11 11 11
0 5 4 0 5 6 7
0 4 8 0 9 10
14 0
0 3 11 13 12
0 2 1 11
0 2 2 13
0 2 3 13
0 2 4 13
0 2 5 11
0 2 6 11
0 2 7 11
0 2 8 13
0 2 9 12
0 2 10 12
0 2 11 12
0 4 9 0 10 11
0 5 2 0 3 4 8
24 0
0 4 22 20 23 21
0 2 1 22
0 2 2 22
0 2 3 22
0 2 4 22
0 2 5 22
0 2 6 22
0 2 7 20
0 2 8 20
0 2 9 20
0 2 10 20
0 2 11 23
0 2 12 23
0 2 13 23
0 2 14 23
0 2 15 23
0 2 16 20
0 2 17 22
0 2 18 21
0 2 19 21
0 2 20 21
0 4 18 0 19 20
0 8 1 0 2 3 4 5 6 17
0 6 11 0 12 13 14 15
15 0
0 3 12 14 13
0 2 1 12
0 2 2 12
0 2 3 12
0 2 4 14
0 2 5 14
0 2 6 14
0 2 7 14
0 2 8 14
0 2 9 14
0 2 10 13
0 2 11 13
0 2 12 13
0 4 10 0 11 12
0 7 4 0 5 6 7 8 9
14 0
0 3 12 11 13
0 2 1 12
0 2 2 12
0 2 3 12
0 2 4 11
0 2 5 11
0 2 6 11
0 2 7 11
0 2 8 13
0 2 9 13
0 2 10 13
0 2 11 12
0 5 1 0 2 3 11
0 4 8 0 9 10
17 0
0 4 13 14 15 16
0 2 1 13
0 2 2 13
0 2 3 13
0 2 4 14
0 2 5 14
0 2 6 15
0 2 7 15
0 2 8 16
0 2 9 16
0 2 10 16
0 2 11 15
0 2 12 15
0 2 13 15
0 3 4 0 5
0 6 6 0 7 11 12 13
0 4 8 0 9 10
16 0
0 3 14 13 15
0 2 1 14
0 2 2 14
0 2 3 13
0 2 4 13
0 2 5 13
0 2 6 13
0 2 7 13
0 2 8 13
0 2 9 14
0 2 10 14
0 2 11 15
0 2 12 15
0 2 13 15
0 5 1 0 2 9 10
0 4 11 0 12 13
16 0
0 4 12 14 15 13
0 2 1 12
0 2 2 12
0 2 3 12
0 2 4 12
0 2 5 14
0 2 6 14
0 2 7 15
0 2 8 15
0 2 9 15
0 2 10 13
0 2 11 13
0 2 12 13
0 4 10 0 11 12
0 3 5 0 6
0 4 7 0 8 9
15 0
0 3 12 13 14
0 2 1 12
0 2 2 12
0 2 3 13
0 2 4 13
0 2 5 13
0 2 6 13
0 2 7 13
0 2 8 14
0 2 9 14
0 2 10 14
0 2 11 13
0 3 12 12 12
0 7 3 0 4 5 6 7 11
0 4 8 0 9 10
17 0
0 3 15 16 14
0 2 1 15
0 2 2 15
0 2 3 15
0 2 4 15
0 2 5 16
0 2 6 16
0 2 7 14
0 2 8 14
0 2 9 14
0 2 10 14
0 2 11 14
0 2 12 16
0 2 13 16
0 2 14 16
0 5 1 0 2 3 4
0 6 5 0 6 12 13 14
15 0
0 3 12 14 13
0 2 1 12
0 2 2 12
0 2 3 14
0 2 4 14
0 2 5 12
0 2 6 12
0 2 7 13
0 2 8 13
0 2 9 13
0 2 10 14
0 2 11 14
0 2 12 14
0 4 7 0 8 9
0 6 3 0 4 10 11 12
18 0
0 4 17 15 14 16
0 2 1 17
0 2 2 15
0 2 3 15
0 2 4 15
0 2 5 17
0 2 6 17
0 2 7 14
0 2 8 14
0 2 9 14
0 2 10 17
0 2 11 15
0 2 12 16
0 2 13 16
0 2 14 16
0 5 2 0 3 4 11
0 4 12 0 13 14
0 5 1 0 5 6 10
15 0
0 4 12 13 14 11
0 2 1 12
0 2 2 12
0 2 3 12
0 2 4 13
0 2 5 13
0 2 6 14
0 2 7 14
0 2 8 14
0 2 9 11
0 2 10 11
0 3 11 11 11
0 4 1 0 2 3
0 3 4 0 5
0 4 6 0 7 8
26 0
0 4 22 24 25 23
0 2 1 22
0 2 2 24
0 2 3 24
0 2 4 22
0 2 5 22
0 2 6 22
0 2 7 22
0 2 8 22
0 2 9 24
0 2 10 24
0 2 11 24
0 2 12 25
0 2 13 25
0 2 14 25
0 2 15 25
0 2 16 25
0 2 17 25
0 2 18 23
0 2 19 23
0 2 20 23
0 2 21 25
0 2 22 24
0 4 18 0 19 20
0 7 2 0 3 9 10 11 22
0 8 12 0 13 14 15 16 17 21
27 0
0 5 22 25 26 23 24
0 2 1 22
0 2 2 22
0 2 3 22
0 2 4 22
0 2 5 22
0 2 6 22
0 2 7 25
0 2 8 25
0 2 9 25
0 2 10 25
0 2 11 26
0 2 12 26
0 2 13 26
0 2 14 26
0 2 15 26
0 2 16 26
0 2 17 23
0 2 18 23
0 2 19 23
0 2 20 24
0 2 21 24
0 2 22 24
0 4 17 0 18 19
0 4 20 0 21 22
0 5 7 0 8 9 10
0 7 11 0 12 13 14 15 16
15 0
0 4 11 13 14 12
0 2 1 11
0 2 2 11
0 2 3 13
0 2 4 13
0 2 5 14
0 2 6 14
0 2 7 14
0 2 8 12
0 2 9 12
0 2 10 12
0 2 11 13
0 4 8 0 9 10
0 4 3 0 4 11
0 4 5 0 6 7
14 0
0 3 11 12 13
0 2 1 11
0 2 2 11
0 2 3 12
0 2 4 12
0 2 5 12
0 2 6 11
0 2 7 11
0 2 8 13
0 2 9 13
0 2 10 13
0 2 11 12
0 5 3 0 4 5 11
0 4 8 0 9 10
18 0
0 4 14 15 17 16
0 2 1 14
0 2 2 14
0 2 3 14
0 2 4 14
0 2 5 15
0 2 6 15
0 2 7 17
0 2 8 17
0 2 9 17
0 2 10 15
0 2 11 15
0 2 12 16
0 2 13 16
0 2 14 16
0 5 5 0 6 10 11
0 4 12 0 13 14
0 4 7 0 8 9
17 0
0 4 13 15 16 14
0 2 1 13
0 2 2 13
0 2 3 13
0 2 4 13
0 2 5 15
0 2 6 15
0 2 7 15
0 2 8 16
0 2 9 16
0 2 10 16
0 2 11 14
0 2 12 14
0 2 13 14
0 4 11 0 12 13
0 4 5 0 6 7
0 4 8 0 9 10
16 0
0 4 13 14 15 12
0 2 1 13
0 2 2 13
0 2 3 13
0 2 4 14
0 2 5 14
0 2 6 14
0 2 7 15
0 2 8 15
0 2 9 15
0 2 10 12
0 2 11 12
0 3 12 12 12
0 4 1 0 2 3
0 4 4 0 5 6
0 4 7 0 8 9
19 0
0 3 17 16 18
0 2 1 17
0 2 2 17
0 2 3 17
0 2 4 17
0 2 5 17
0 2 6 16
0 2 7 16
0 2 8 16
0 2 9 16
0 2 10 16
0 2 11 16
0 2 12 17
0 2 13 17
0 2 14 18
0 2 15 18
0 2 16 18
0 8 1 0 2 3 4 5 12 13
0 4 14 0 15 16
16 0
0 3 13 14 15
0 2 1 13
0 2 2 13
0 2 3 13
0 2 4 14
0 2 5 14
0 2 6 14
0 2 7 14
0 2 8 13
0 2 9 13
0 2 10 13
0 2 11 15
0 2 12 15
0 2 13 15
0 5 4 0 5 6 7
0 4 11 0 12 13
16 0
0 3 13 14 15
0 2 1 13
0 2 2 13
0 2 3 14
0 2 4 14
0 2 5 14
0 2 6 14
0 2 7 14
0 2 8 14
0 2 9 13
0 2 10 13
0 2 11 15
0 2 12 15
0 2 13 15
0 7 3 0 4 5 6 7 8
0 4 11 0 12 13
16 0
0 3 14 13 15
0 2 1 14
0 2 2 14
0 2 3 14
0 2 4 14
0 2 5 13
0 2 6 13
0 2 7 13
0 2 8 13
0 2 9 14
0 2 10 14
0 2 11 15
0 2 12 15
0 2 13 15
0 7 1 0 2 3 4 9 10
0 4 11 0 12 13
18 0
0 4 15 16 17 14
0 2 1 15
0 2 2 15
0 2 3 15
0 2 4 15
0 2 5 16
0 2 6 16
0 2 7 16
0 2 8 17
0 2 9 17
0 2 10 14
0 2 11 14
0 2 12 14
0 2 13 14
0 3 14 14 14
0 5 1 0 2 3 4
0 4 5 0 6 7
0 3 8 0 9
18 0
0 3 15 17 16
0 2 1 15
0 2 2 15
0 2 3 15
0 2 4 15
0 2 5 15
0 2 6 15
0 2 7 17
0 2 8 17
0 2 9 17
0 2 10 17
0 2 11 17
0 2 12 17
0 2 13 16
0 2 14 16
0 2 15 16
0 4 13 0 14 15
0 7 7 0 8 9 10 11 12
18 0
0 3 15 16 17
0 2 1 15
0 2 2 15
0 2 3 15
0 2 4 16
0 2 5 16
0 2 6 16
0 2 7 16
0 2 8 16
0 2 9 16
0 2 10 16
0 2 11 17
0 2 12 17
0 2 13 17
0 2 14 17
0 2 15 17
0 8 4 0 5 6 7 8 9 10
0 6 11 0 12 13 14 15
16 0
0 3 13 15 14
0 2 1 13
0 2 2 13
0 2 3 15
0 2 4 15
0 2 5 15
0 2 6 15
0 2 7 15
0 2 8 15
0 2 9 13
0 2 10 13
0 2 11 14
0 2 12 14
0 2 13 14
0 4 11 0 12 13
0 7 3 0 4 5 6 7 8
16 0
0 3 14 13 15
0 2 1 14
0 2 2 14
0 2 3 14
0 2 4 14
0 2 5 14
0 2 6 14
0 2 7 13
0 2 8 13
0 2 9 13
0 2 10 13
0 2 11 15
0 2 12 15
0 2 13 15
0 7 1 0 2 3 4 5 6
0 4 11 0 12 13
17 0
0 4 13 14 16 15
0 2 1 13
0 2 2 13
0 2 3 14
0 2 4 14
0 2 5 14
0 2 6 14
0 2 7 16
0 2 8 16
0 2 9 16
0 2 10 13
0 2 11 15
0 2 12 15
0 2 13 15
0 5 3 0 4 5 6
0 4 11 0 12 13
0 4 7 0 8 9
17 0
0 3 15 14 16
0 2 1 15
0 2 2 15
0 2 3 14
0 2 4 14
0 2 5 14
0 2 6 14
0 2 7 14
0 2 8 14
0 2 9 15
0 2 10 15
0 2 11 15
0 2 12 16
0 2 13 16
0 2 14 16
0 6 1 0 2 9 10 11
0 4 12 0 13 14
14 0
0 3 11 12 13
0 2 1 11
0 2 2 11
0 2 3 12
0 2 4 12
0 2 5 12
0 2 6 11
0 2 7 11
0 2 8 13
0 2 9 13
0 2 10 13
0 2 11 12
0 5 3 0 4 5 11
0 4 8 0 9 10
14 0
0 3 11 13 12
0 2 1 11
0 2 2 11
0 2 3 13
0 2 4 13
0 2 5 11
0 2 6 11
0 2 7 12
0 2 8 12
0 2 9 12
0 2 10 13
0 2 11 13
0 4 7 0 8 9
0 5 3 0 4 10 11
19 0
0 3 18 16 17
0 2 1 18
0 2 2 18
0 2 3 18
0 2 4 18
0 2 5 18
0 2 6 18
0 2 7 18
0 2 8 16
0 2 9 16
0 2 10 17
0 2 11 17
0 2 12 17
0 2 13 17
0 2 14 16
0 2 15 16
0 3 16 16 16
0 5 10 0 11 12 13
0 8 1 0 2 3 4 5 6 7
19 0
0 3 16 18 17
0 2 1 16
0 2 2 16
0 2 3 16
0 2 4 16
0 2 5 16
0 2 6 16
0 2 7 18
0 2 8 18
0 2 9 18
0 2 10 17
0 2 11 17
0 2 12 17
0 2 13 17
0 2 14 17
0 2 15 17
0 2 16 17
0 8 10 0 11 12 13 14 15 16
0 4 7 0 8 9
17 0
0 3 16 14 15
0 2 1 16
0 2 2 16
0 2 3 16
0 2 4 16
0 2 5 16
0 2 6 16
0 2 7 14
0 2 8 14
0 2 9 14
0 2 10 15
0 2 11 15
0 2 12 15
0 2 13 15
0 2 14 15
0 6 10 0 11 12 13 14
0 7 1 0 2 3 4 5 6
21 0
0 5 16 17 18 19 20
0 2 1 16
0 2 2 16
0 2 3 17
0 2 4 17
0 2 5 18
0 2 6 16
0 2 7 18
0 2 8 19
0 2 9 19
0 2 10 19
0 2 11 20
0 2 12 20
0 2 13 20
0 2 14 17
0 2 15 17
0 2 16 17
0 6 3 0 4 14 15 16
0 3 5 0 7
0 4 8 0 9 10
0 4 11 0 12 13
13 0
0 3 10 12 11
0 2 1 10
0 2 2 10
0 2 3 10
0 2 4 12
0 2 5 12
0 2 6 10
0 2 7 11
0 2 8 11
0 2 9 11
0 2 10 12
0 4 7 0 8 9
0 4 4 0 5 10
21 0
0 5 16 17 18 19 20
0 2 1 16
0 2 2 16
0 2 3 17
0 2 4 17
0 2 5 18
0 2 6 16
0 2 7 18
0 2 8 19
0 2 9 19
0 2 10 19
0 2 11 20
0 2 12 20
0 2 13 20
0 2 14 20
0 2 15 20
0 2 16 17
0 4 3 0 4 16
0 3 5 0 7
0 4 8 0 9 10
0 6 11 0 12 13 14 15
19 0
0 3 18 16 17
0 2 1 18
0 2 2 18
0 2 3 18
0 2 4 18
0 2 5 18
0 2 6 18
0 2 7 18
0 2 8 16
0 2 9 16
0 2 10 16
0 2 11 16
0 2 12 16
0 2 13 16
0 2 14 17
0 2 15 17
0 2 16 17
0 4 14 0 15 16
0 8 1 0 2 3 4 5 6 7
19 0
0 3 17 18 16
0 2 1 17
0 2 2 17
0 2 3 17
0 2 4 17
0 2 5 17
0 2 6 17
0 2 7 17
0 2 8 18
0 2 9 18
0 2 10 18
0 2 11 16
0 2 12 16
0 2 13 16
0 2 14 16
0 2 15 16
0 3 16 16 16
0 8 1 0 2 3 4 5 6 7
0 4 8 0 9 10
14 0
0 3 11 12 13
0 2 1 11
0 2 2 11
0 2 3 11
0 2 4 11
0 2 5 12
0 2 6 12
0 2 7 12
0 2 8 12
0 2 9 13
0 2 10 13
0 2 11 13
0 5 5 0 6 7 8
0 4 9 0 10 11
16 0
0 4 13 12 15 14
0 2 1 13
0 2 2 13
0 2 3 13
0 2 4 12
0 2 5 15
0 2 6 15
0 2 7 15
0 2 8 12
0 2 9 12
0 2 10 14
0 2 11 14
0 2 12 14
0 4 1 0 2 3
0 4 10 0 11 12
0 4 5 0 6 7
16 0
0 3 13 14 15
0 2 1 13
0 2 2 13
0 2 3 14
0 2 4 14
0 2 5 14
0 2 6 14
0 2 7 14
0 2 8 14
0 2 9 15
0 2 10 15
0 2 11 15
0 2 12 13
0 3 13 13 13
0 7 3 0 4 5 6 7 8
0 4 9 0 10 11
16 0
0 3 13 14 15
0 2 1 13
0 2 2 13
0 2 3 14
0 2 4 14
0 2 5 14
0 2 6 14
0 2 7 14
0 2 8 14
0 2 9 13
0 2 10 13
0 2 11 15
0 2 12 15
0 2 13 15
0 7 3 0 4 5 6 7 8
0 4 11 0 12 13
15 0
0 3 12 14 13
0 2 1 12
0 2 2 14
0 2 3 14
0 2 4 14
0 2 5 14
0 2 6 14
0 2 7 14
0 2 8 12
0 2 9 12
0 2 10 13
0 2 11 13
0 2 12 13
0 4 10 0 11 12
0 7 2 0 3 4 5 6 7
