188
27 2
2 3 24 25 26
2 2 24 1
2 2 24 2
3 2 24 3
2 2 24 4
2 2 24 5
3 2 26 6
3 2 26 7
2 2 25 8
2 2 25 9
3 2 25 10
3 2 26 11
3 2 24 12
3 2 24 13
2 2 24 14
3 2 25 15
3 2 25 16
2 2 25 17
2 2 25 18
2 2 25 19
2 2 25 20
3 2 26 21
1 2 26 22
1 2 26 23
2 9 0 1 2 14 3 4 5 12 13
2 10 0 8 9 10 16 17 18 19 20 15
3 7 0 21 22 23 7 6 11
30 2
3 3 27 28 29
2 2 27 1
3 2 29 2
2 2 29 3
3 2 29 4
3 2 27 5
3 2 27 6
3 2 27 7
1 2 27 8
3 2 27 9
3 2 27 10
3 2 28 11
2 2 28 12
3 2 28 13
2 2 27 14
3 2 28 15
1 2 28 16
1 2 28 17
3 2 28 18
1 2 28 19
1 2 28 20
3 2 29 21
1 2 29 22
1 2 29 23
3 2 29 24
1 2 29 25
1 2 29 26
3 9 0 7 8 9 14 10 5 6 1
3 10 0 15 16 17 13 12 11 18 19 20
3 10 0 21 22 23 4 3 2 24 26 25
24 2
2 4 20 21 22 23
2 2 20 1
2 2 20 2
3 2 20 3
2 2 20 4
2 2 20 5
3 2 23 6
2 2 21 7
3 2 21 8
2 2 21 9
3 2 21 10
3 2 23 11
3 2 23 12
3 2 23 13
2 2 20 14
2 2 21 15
2 2 21 16
3 2 22 17
1 2 22 18
1 2 22 19
2 7 0 1 2 14 3 4 5
2 7 0 15 16 10 9 8 7
1 4 0 17 18 19
3 5 0 6 11 12 13
28 2
2 4 24 25 26 27
2 2 24 1
2 2 24 2
3 2 24 3
2 2 24 4
2 2 24 5
3 2 27 6
2 2 25 7
2 2 25 8
3 2 25 9
3 2 25 10
3 2 27 11
3 2 24 12
3 2 24 13
2 2 24 14
3 2 25 15
3 2 25 16
2 2 25 17
2 2 25 18
2 2 25 19
2 2 25 20
3 2 26 21
1 2 26 22
1 2 26 23
2 9 0 1 2 14 3 4 5 12 13
2 11 0 7 8 9 10 16 17 18 19 20 15
1 4 0 21 22 23
3 3 0 6 11
21 2
2 3 18 19 20
2 2 18 1
2 2 18 2
3 2 18 3
2 2 18 4
3 2 20 5
3 2 19 6
2 2 19 7
2 2 19 8
2 2 19 9
2 2 19 10
3 2 19 11
3 2 18 12
2 2 18 13
2 2 18 14
3 2 20 15
1 2 20 16
1 2 20 17
2 8 0 1 2 14 13 3 12 4
2 7 0 7 8 9 10 11 6
1 5 0 15 16 17 5
25 2
3 4 21 22 23 24
2 2 21 1
2 2 21 2
3 2 21 3
2 2 21 4
2 2 21 5
3 2 24 6
2 2 22 7
2 2 22 8
3 2 22 9
3 2 22 10
3 2 24 11
3 2 21 12
3 2 21 13
2 2 21 14
2 2 22 15
3 2 22 16
1 2 22 17
3 2 23 18
1 2 23 19
1 2 23 20
2 9 0 1 2 14 3 4 5 12 13
3 8 0 7 8 9 10 16 17 15
1 4 0 18 19 20
3 3 0 6 11
31 2
1 5 26 27 28 29 30
2 2 26 1
2 2 26 2
2 2 26 3
3 2 26 4
3 2 26 5
2 2 26 6
3 2 30 7
2 2 27 8
3 2 27 9
2 2 27 10
3 2 27 11
3 2 30 12
3 2 26 13
2 2 26 14
3 2 28 15
3 2 27 16
3 2 27 17
1 2 27 18
1 2 27 19
3 2 28 20
1 2 28 21
1 2 28 22
3 2 29 23
1 2 29 24
1 2 29 25
2 9 0 1 2 3 6 4 5 13 14
3 9 0 17 18 19 16 11 10 9 8
1 5 0 20 21 22 15
1 4 0 23 24 25
3 3 0 7 12
24 2
2 4 20 21 22 23
2 2 20 1
2 2 20 2
2 2 20 3
3 2 20 4
3 2 20 5
2 2 20 6
3 2 23 7
2 2 21 8
2 2 21 9
2 2 21 10
3 2 21 11
3 2 23 12
3 2 23 13
2 2 21 14
2 2 21 15
3 2 21 16
3 2 22 17
1 2 22 18
1 2 22 19
2 7 0 1 2 3 6 4 5
2 8 0 8 9 10 11 16 15 14
1 4 0 17 18 19
3 4 0 7 12 13
33 2
3 4 29 30 31 32
2 2 29 1
2 2 29 2
3 2 29 3
2 2 29 4
2 2 29 5
3 2 29 6
3 2 30 7
2 2 30 8
2 2 30 9
3 2 30 10
3 2 29 11
3 2 29 12
3 2 30 13
3 2 31 14
2 2 31 15
2 2 31 16
3 2 31 17
3 2 30 18
3 2 30 19
2 2 30 20
2 2 30 21
3 2 31 22
3 2 31 23
1 2 31 24
1 2 31 25
3 2 32 26
1 2 32 27
1 2 32 28
2 9 0 1 2 3 4 5 12 11 6
3 10 0 8 9 10 19 20 21 18 7 13
3 9 0 15 16 17 14 22 23 24 25
1 4 0 26 27 28
21 2
2 3 18 19 20
1 2 18 1
3 2 18 2
2 2 18 3
2 2 18 4
3 2 18 5
3 2 18 6
2 2 18 7
2 2 19 8
3 2 19 9
3 2 19 10
2 2 19 11
2 2 19 12
3 2 19 13
2 2 19 14
3 2 20 15
1 2 20 16
1 2 20 17
2 8 0 1 2 3 4 7 5 6
2 8 0 11 12 10 9 8 14 13
1 4 0 15 16 17
19 2
2 3 16 17 18
2 2 16 1
2 2 16 2
3 2 17 3
2 2 17 4
2 2 17 5
3 2 17 6
3 2 17 7
3 2 17 8
3 2 16 9
2 2 16 10
2 2 16 11
2 2 16 12
3 2 18 13
1 2 18 14
1 2 18 15
2 7 0 1 2 10 9 11 12
3 7 0 4 5 3 8 6 7
1 4 0 13 14 15
15 2
3 3 4 13 14
2 2 13 1
2 2 13 2
3 2 13 3
3 2 0 4
2 2 14 5
3 2 14 6
3 2 14 7
1 2 14 8
1 2 14 9
2 2 13 10
2 2 13 11
2 2 13 12
2 7 0 1 2 3 12 11 10
1 6 0 7 8 9 6 5
27 2
1 5 22 23 24 25 26
2 2 22 1
2 2 22 2
3 2 22 3
2 2 22 4
3 2 22 5
2 2 22 6
3 2 23 7
1 2 23 8
1 2 23 9
3 2 24 10
2 2 24 11
2 2 24 12
3 2 24 13
2 2 24 14
3 2 24 15
3 2 25 16
1 2 25 17
1 2 25 18
3 2 26 19
1 2 26 20
1 2 26 21
2 7 0 1 2 6 3 4 5
1 4 0 7 8 9
2 7 0 11 12 10 13 14 15
1 4 0 16 17 18
1 4 0 19 20 21
27 2
2 3 24 25 26
2 2 24 1
2 2 24 2
3 2 24 3
3 2 26 4
3 2 26 5
2 2 25 6
3 2 25 7
3 2 24 8
3 2 24 9
3 2 24 10
2 2 24 11
2 2 24 12
3 2 25 13
3 2 25 14
2 2 25 15
2 2 25 16
3 2 25 17
1 2 25 18
1 2 25 19
2 2 26 20
2 2 26 21
2 2 26 22
2 2 26 23
2 9 0 1 2 10 11 12 9 8 3
3 10 0 15 16 14 13 17 18 19 7 6
2 7 0 20 21 22 23 4 5
21 2
2 3 18 19 20
2 2 18 1
2 2 18 2
2 2 18 3
3 2 18 4
3 2 18 5
2 2 18 6
2 2 18 7
3 2 20 8
3 2 19 9
3 2 19 10
2 2 19 11
2 2 19 12
2 2 19 13
2 2 19 14
3 2 20 15
1 2 20 16
1 2 20 17
2 8 0 1 2 3 6 4 5 7
2 7 0 11 12 13 14 9 10
1 5 0 15 16 17 8
31 2
1 5 26 27 28 29 30
2 2 26 1
2 2 26 2
2 2 26 3
3 2 26 4
3 2 26 5
2 2 26 6
3 2 30 7
2 2 27 8
3 2 27 9
2 2 27 10
3 2 27 11
3 2 30 12
3 2 26 13
3 2 28 14
3 2 27 15
2 2 27 16
3 2 27 17
1 2 27 18
1 2 27 19
3 2 28 20
1 2 28 21
1 2 28 22
3 2 29 23
1 2 29 24
1 2 29 25
2 8 0 1 2 3 6 4 5 13
3 10 0 17 18 19 15 16 11 10 9 8
1 5 0 20 21 22 14
1 4 0 23 24 25
3 3 0 7 12
25 2
2 3 22 23 24
2 2 22 1
2 2 22 2
2 2 22 3
3 2 22 4
3 2 22 5
2 2 22 6
2 2 22 7
2 2 22 8
3 2 24 9
3 2 24 10
2 2 24 11
3 2 24 12
3 2 23 13
3 2 23 14
2 2 23 15
2 2 23 16
2 2 23 17
2 2 23 18
3 2 24 19
1 2 24 20
1 2 24 21
2 9 0 1 2 3 6 4 5 7 8
2 7 0 15 16 17 18 13 14
3 8 0 19 20 21 12 11 10 9
24 2
2 4 20 21 22 23
2 2 20 1
2 2 20 2
3 2 20 3
2 2 20 4
2 2 20 5
3 2 23 6
2 2 21 7
3 2 21 8
2 2 21 9
3 2 21 10
3 2 23 11
3 2 23 12
3 2 23 13
2 2 20 14
2 2 21 15
2 2 21 16
3 2 22 17
1 2 22 18
1 2 22 19
2 7 0 1 2 14 3 4 5
2 7 0 15 16 10 9 8 7
1 4 0 17 18 19
3 5 0 6 11 12 13
24 2
3 3 21 22 23
2 2 21 1
2 2 21 2
3 2 21 3
3 2 22 4
3 2 22 5
2 2 21 6
3 2 22 7
1 2 22 8
1 2 22 9
2 2 22 10
3 2 23 11
2 2 23 12
2 2 23 13
3 2 23 14
2 2 21 15
3 2 21 16
2 2 21 17
3 2 23 18
1 2 23 19
1 2 23 20
2 8 0 1 2 6 3 17 16 15
3 7 0 7 8 9 5 4 10
3 8 0 12 13 11 14 18 19 20
27 2
1 5 22 23 24 25 26
2 2 22 1
2 2 22 2
3 2 22 3
2 2 22 4
3 2 22 5
2 2 22 6
3 2 23 7
1 2 23 8
1 2 23 9
3 2 24 10
2 2 24 11
2 2 24 12
3 2 24 13
3 2 24 14
2 2 24 15
3 2 25 16
1 2 25 17
1 2 25 18
3 2 26 19
1 2 26 20
1 2 26 21
2 7 0 1 2 6 3 4 5
1 4 0 7 8 9
2 7 0 11 12 10 15 13 14
1 4 0 16 17 18
1 4 0 19 20 21
19 2
2 3 16 17 18
2 2 16 1
2 2 16 2
3 2 18 3
3 2 18 4
3 2 18 5
2 2 16 6
2 2 16 7
3 2 16 8
3 2 16 9
2 2 16 10
3 2 17 11
1 2 17 12
1 2 17 13
2 2 18 14
2 2 18 15
2 8 0 1 2 10 9 8 7 6
1 4 0 11 12 13
3 6 0 14 15 3 4 5
24 2
2 3 21 22 23
2 2 21 1
2 2 21 2
3 2 21 3
2 2 22 4
2 2 22 5
3 2 22 6
3 2 22 7
3 2 21 8
3 2 21 9
3 2 21 10
2 2 21 11
2 2 21 12
3 2 23 13
3 2 23 14
2 2 22 15
2 2 22 16
1 2 23 17
3 2 22 18
1 2 22 19
1 2 22 20
2 9 0 1 2 10 11 12 9 8 3
2 10 0 4 5 6 18 19 20 7 16 15
3 4 0 13 17 14
26 2
3 3 23 24 25
2 2 23 1
2 2 23 2
3 2 23 3
2 2 23 4
3 2 25 5
2 2 25 6
3 2 25 7
3 2 23 8
3 2 23 9
3 2 23 10
2 2 23 11
3 2 24 12
2 2 24 13
3 2 24 14
2 2 24 15
2 2 24 16
3 2 24 17
1 2 24 18
1 2 24 19
3 2 25 20
1 2 25 21
1 2 25 22
3 9 0 1 2 10 11 9 8 3 4
2 9 0 15 16 14 13 12 17 18 19
3 7 0 20 21 22 5 6 7
24 2
2 3 21 22 23
2 2 21 1
2 2 21 2
3 2 21 3
2 2 21 4
2 2 21 5
3 2 23 6
3 2 23 7
2 2 22 8
3 2 22 9
3 2 22 10
3 2 22 11
3 2 21 12
3 2 21 13
2 2 21 14
2 2 22 15
2 2 22 16
1 2 22 17
3 2 23 18
1 2 23 19
1 2 23 20
2 9 0 1 2 14 3 4 5 12 13
2 8 0 9 17 8 10 16 15 11
3 6 0 18 19 20 7 6
26 2
2 4 7 23 24 25
2 2 23 1
2 2 23 2
2 2 23 3
3 2 23 4
3 2 23 5
2 2 23 6
3 2 0 7
2 2 24 8
2 2 24 9
2 2 24 10
3 2 24 11
3 2 25 12
3 2 25 13
2 2 25 14
3 2 25 15
3 2 24 16
3 2 24 17
1 2 24 18
1 2 24 19
3 2 25 20
1 2 25 21
1 2 25 22
2 7 0 1 2 3 6 4 5
2 9 0 8 9 10 11 16 17 18 19
3 8 0 20 21 22 15 14 13 12
28 2
2 5 23 24 25 26 27
2 2 23 1
2 2 23 2
2 2 23 3
3 2 23 4
3 2 23 5
2 2 23 6
3 2 27 7
2 2 24 8
2 2 24 9
3 2 24 10
3 2 24 11
3 2 27 12
3 2 27 13
2 2 24 14
3 2 24 15
2 2 24 16
3 2 25 17
1 2 25 18
1 2 25 19
3 2 26 20
1 2 26 21
1 2 26 22
2 7 0 1 2 3 6 4 5
2 8 0 8 9 10 11 16 15 14
1 4 0 17 18 19
1 4 0 20 21 22
3 4 0 7 12 13
20 2
2 3 17 18 19
2 2 17 1
2 2 17 2
3 2 17 3
2 2 18 4
2 2 18 5
2 2 18 6
3 2 18 7
3 2 17 8
3 2 17 9
2 2 17 10
3 2 19 11
1 2 19 12
1 2 19 13
3 2 18 14
1 2 18 15
1 2 18 16
2 7 0 1 2 10 9 8 3
2 8 0 4 5 6 7 14 16 15
1 4 0 11 12 13
20 2
2 3 17 18 19
2 2 17 1
2 2 17 2
3 2 17 3
2 2 17 4
3 2 17 5
2 2 17 6
1 2 17 7
3 2 18 8
2 2 18 9
2 2 18 10
3 2 18 11
2 2 18 12
2 2 18 13
3 2 19 14
1 2 19 15
1 2 19 16
2 8 0 1 2 6 3 4 5 7
2 7 0 9 10 8 13 12 11
1 4 0 14 15 16
20 2
2 3 17 18 19
2 2 17 1
2 2 17 2
3 2 17 3
2 2 17 4
2 2 17 5
3 2 17 6
3 2 18 7
2 2 18 8
2 2 18 9
3 2 18 10
2 2 18 11
2 2 18 12
3 2 19 13
1 2 19 14
1 2 19 15
1 2 17 16
2 8 0 1 2 3 16 4 5 6
2 7 0 8 9 10 11 12 7
1 4 0 13 14 15
19 2
2 3 16 17 18
2 2 16 1
2 2 16 2
3 2 17 3
2 2 17 4
2 2 17 5
3 2 17 6
3 2 17 7
3 2 17 8
3 2 16 9
2 2 16 10
2 2 16 11
2 2 16 12
3 2 18 13
1 2 18 14
1 2 18 15
2 7 0 1 2 10 9 11 12
3 7 0 4 5 3 8 6 7
1 4 0 13 14 15
24 2
3 3 21 22 23
2 2 21 1
2 2 21 2
3 2 21 3
3 2 22 4
2 2 22 5
3 2 22 6
3 2 22 7
1 2 22 8
1 2 22 9
2 2 22 10
3 2 23 11
2 2 23 12
2 2 23 13
3 2 23 14
2 2 21 15
3 2 21 16
2 2 21 17
3 2 23 18
1 2 23 19
1 2 23 20
2 7 0 1 2 3 17 16 15
3 8 0 7 8 9 6 5 4 10
3 8 0 12 13 11 14 18 19 20
16 2
2 3 13 14 15
2 2 13 1
2 2 13 2
3 2 14 3
2 2 14 4
2 2 14 5
2 2 14 6
3 2 14 7
3 2 13 8
2 2 13 9
3 2 15 10
1 2 15 11
1 2 15 12
2 5 0 1 2 9 8
2 6 0 4 5 6 3 7
1 4 0 10 11 12
26 2
3 4 13 23 24 25
2 2 23 1
2 2 23 2
2 2 23 3
3 2 23 4
3 2 23 5
2 2 23 6
3 2 25 7
2 2 25 8
3 2 25 9
2 2 24 10
3 2 24 11
3 2 25 12
3 2 0 13
2 2 24 14
3 2 24 15
2 2 24 16
3 2 24 17
1 2 24 18
1 2 24 19
3 2 25 20
1 2 25 21
1 2 25 22
2 7 0 1 2 3 6 4 5
3 9 0 17 18 19 15 16 14 11 10
3 8 0 20 21 22 9 8 7 12
19 2
2 3 16 17 18
2 2 16 1
2 2 16 2
3 2 18 3
3 2 18 4
3 2 18 5
2 2 16 6
2 2 16 7
3 2 16 8
3 2 16 9
2 2 16 10
3 2 17 11
1 2 17 12
1 2 17 13
2 2 18 14
2 2 18 15
2 8 0 1 2 10 9 8 7 6
1 4 0 11 12 13
3 6 0 14 15 3 4 5
24 2
2 3 21 22 23
2 2 21 1
2 2 21 2
3 2 21 3
3 2 22 4
2 2 22 5
2 2 22 6
3 2 22 7
3 2 21 8
3 2 21 9
3 2 21 10
2 2 21 11
2 2 21 12
3 2 23 13
3 2 23 14
2 2 22 15
2 2 22 16
1 2 23 17
3 2 22 18
1 2 22 19
1 2 22 20
2 9 0 1 2 10 11 12 9 8 3
2 10 0 5 6 4 18 19 20 7 16 15
3 4 0 13 17 14
24 2
2 3 21 22 23
1 2 21 1
3 2 21 2
1 2 21 3
2 2 21 4
3 2 21 5
2 2 21 6
2 2 21 7
3 2 23 8
3 2 23 9
2 2 21 10
2 2 23 11
3 2 23 12
3 2 23 13
2 2 22 14
2 2 22 15
3 2 22 16
2 2 22 17
3 2 22 18
1 2 22 19
1 2 22 20
2 9 0 1 2 3 4 5 10 6 7
2 8 0 14 15 16 17 18 20 19
3 6 0 9 11 8 12 13
24 2
2 3 21 22 23
2 2 21 1
2 2 21 2
3 2 21 3
2 2 22 4
2 2 22 5
3 2 22 6
3 2 22 7
3 2 21 8
3 2 21 9
3 2 21 10
2 2 21 11
2 2 21 12
3 2 23 13
3 2 23 14
2 2 22 15
2 2 22 16
3 2 23 17
1 2 23 18
1 2 23 19
1 2 22 20
2 9 0 1 2 10 11 12 9 8 3
2 8 0 4 5 6 20 7 16 15
3 6 0 17 18 19 13 14
23 2
2 4 6 20 21 22
2 2 20 1
2 2 20 2
3 2 20 3
2 2 20 4
2 2 20 5
3 2 0 6
2 2 21 7
2 2 21 8
3 2 21 9
3 2 22 10
3 2 22 11
3 2 22 12
3 2 22 13
2 2 20 14
2 2 22 15
2 2 22 16
3 2 21 17
1 2 21 18
1 2 21 19
2 7 0 1 2 14 3 4 5
2 7 0 7 8 9 17 19 18
3 7 0 15 16 10 11 13 12
30 2
2 3 27 28 29
2 2 27 1
2 2 27 2
2 2 27 3
3 2 27 4
3 2 27 5
2 2 27 6
3 2 29 7
2 2 28 8
2 2 28 9
3 2 28 10
3 2 28 11
3 2 29 12
3 2 29 13
3 2 27 14
3 2 29 15
2 2 29 16
2 2 29 17
3 2 29 18
2 2 28 19
2 2 28 20
3 2 29 21
1 2 29 22
1 2 29 23
3 2 28 24
1 2 28 25
1 2 28 26
2 8 0 1 2 3 6 4 5 14
2 10 0 8 9 10 24 25 26 11 20 19
3 11 0 16 17 18 13 12 7 15 21 22 23
30 2
1 5 25 26 27 28 29
2 2 25 1
2 2 25 2
3 2 25 3
3 2 25 4
2 2 25 5
3 2 25 6
3 2 26 7
2 2 26 8
2 2 26 9
3 2 26 10
3 2 26 11
2 2 26 12
3 2 27 13
1 2 27 14
1 2 27 15
3 2 26 16
1 2 26 17
1 2 26 18
3 2 28 19
1 2 28 20
1 2 28 21
3 2 29 22
1 2 29 23
1 2 29 24
2 7 0 1 2 3 4 5 6
3 10 0 8 9 10 16 17 18 11 12 7
1 4 0 13 14 15
1 4 0 19 20 21
1 4 0 22 23 24
26 2
3 3 23 24 25
2 2 23 1
2 2 23 2
3 2 23 3
2 2 23 4
3 2 25 5
2 2 25 6
3 2 25 7
3 2 23 8
3 2 23 9
3 2 23 10
2 2 23 11
3 2 24 12
2 2 24 13
3 2 24 14
2 2 24 15
2 2 24 16
3 2 24 17
1 2 24 18
1 2 24 19
3 2 25 20
1 2 25 21
1 2 25 22
3 9 0 1 2 10 11 9 8 3 4
2 9 0 15 16 14 13 12 17 18 19
3 7 0 20 21 22 5 6 7
26 2
3 3 23 24 25
2 2 23 1
2 2 23 2
3 2 23 3
2 2 23 4
2 2 23 5
3 2 25 6
3 2 25 7
2 2 24 8
3 2 24 9
3 2 24 10
3 2 25 11
3 2 23 12
3 2 23 13
2 2 23 14
2 2 23 15
2 2 24 16
3 2 24 17
1 2 24 18
1 2 24 19
3 2 25 20
1 2 25 21
1 2 25 22
2 10 0 1 2 14 3 4 5 12 13 15
3 8 0 17 18 19 9 8 10 16
3 7 0 20 21 22 7 6 11
24 2
2 4 20 21 22 23
2 2 20 1
2 2 20 2
3 2 20 3
2 2 20 4
2 2 20 5
2 2 23 6
3 2 23 7
3 2 20 8
3 2 20 9
2 2 20 10
3 2 21 11
3 2 21 12
2 2 21 13
3 2 21 14
2 2 21 15
2 2 21 16
3 2 22 17
1 2 22 18
1 2 22 19
2 9 0 1 2 10 9 8 3 4 5
2 7 0 15 16 11 12 13 14
1 4 0 17 18 19
2 3 0 6 7
27 2
2 3 24 25 26
1 2 24 1
3 2 24 2
1 2 24 3
2 2 24 4
3 2 24 5
2 2 24 6
3 2 26 7
3 2 25 8
2 2 25 9
2 2 25 10
3 2 25 11
2 2 25 12
2 2 25 13
2 2 25 14
3 2 25 15
3 2 25 16
3 2 25 17
3 2 24 18
2 2 24 19
2 2 24 20
3 2 26 21
1 2 26 22
1 2 26 23
2 10 0 1 2 3 4 5 6 18 19 20
2 11 0 9 10 8 17 16 11 12 13 14 15
1 5 0 21 22 23 7
26 2
2 3 23 24 25
2 2 23 1
2 2 23 2
3 2 23 3
3 2 24 4
2 2 24 5
2 2 24 6
3 2 24 7
3 2 23 8
3 2 23 9
3 2 23 10
2 2 23 11
2 2 23 12
3 2 25 13
3 2 25 14
2 2 24 15
2 2 24 16
3 2 25 17
1 2 25 18
1 2 25 19
3 2 24 20
1 2 24 21
1 2 24 22
2 9 0 1 2 10 11 12 9 8 3
2 10 0 5 6 4 20 21 22 7 16 15
3 6 0 17 18 19 13 14
17 2
1 3 14 15 16
2 2 14 1
2 2 14 2
3 2 14 3
3 2 16 4
2 2 15 5
3 2 15 6
3 2 15 7
1 2 15 8
1 2 15 9
3 2 16 10
1 2 16 11
1 2 16 12
1 2 14 13
2 5 0 1 2 3 13
1 6 0 7 8 9 6 5
1 5 0 10 11 12 4
28 2
2 5 23 24 25 26 27
2 2 23 1
2 2 23 2
2 2 23 3
3 2 23 4
3 2 23 5
2 2 23 6
3 2 27 7
2 2 24 8
2 2 24 9
3 2 24 10
3 2 24 11
3 2 27 12
3 2 27 13
2 2 24 14
2 2 24 15
3 2 24 16
3 2 25 17
1 2 25 18
1 2 25 19
3 2 26 20
1 2 26 21
1 2 26 22
2 7 0 1 2 3 6 4 5
2 8 0 8 9 10 11 16 15 14
1 4 0 17 18 19
1 4 0 20 21 22
3 4 0 7 12 13
21 2
2 3 18 19 20
2 2 18 1
2 2 18 2
2 2 18 3
3 2 18 4
3 2 18 5
2 2 18 6
2 2 19 7
3 2 19 8
2 2 19 9
2 2 19 10
2 2 19 11
3 2 19 12
3 2 19 13
2 2 18 14
3 2 20 15
1 2 20 16
1 2 20 17
2 8 0 1 2 3 6 4 5 14
2 8 0 9 10 11 8 7 12 13
1 4 0 15 16 17
31 2
1 6 25 26 27 28 29 30
2 2 25 1
2 2 25 2
3 2 25 3
3 2 25 4
2 2 25 5
3 2 25 6
3 2 26 7
1 2 26 8
1 2 26 9
3 2 27 10
1 2 27 11
1 2 27 12
3 2 28 13
2 2 28 14
2 2 28 15
3 2 28 16
2 2 28 17
3 2 28 18
3 2 29 19
1 2 29 20
1 2 29 21
3 2 30 22
1 2 30 23
1 2 30 24
2 7 0 1 2 3 4 5 6
1 4 0 7 8 9
1 4 0 10 11 12
2 7 0 14 15 16 17 18 13
1 4 0 19 20 21
1 4 0 22 23 24
15 2
3 3 5 13 14
2 2 13 1
2 2 13 2
3 2 14 3
2 2 14 4
3 2 0 5
2 2 13 6
2 2 13 7
2 2 13 8
3 2 13 9
3 2 14 10
1 2 14 11
1 2 14 12
2 7 0 1 2 9 8 7 6
1 6 0 10 11 12 3 4
26 2
2 4 22 23 24 25
2 2 22 1
2 2 22 2
3 2 22 3
2 2 22 4
2 2 22 5
3 2 22 6
3 2 24 7
2 2 23 8
2 2 23 9
3 2 23 10
3 2 24 11
2 2 24 12
3 2 24 13
1 2 24 14
1 2 24 15
3 2 23 16
1 2 23 17
1 2 23 18
3 2 25 19
1 2 25 20
1 2 25 21
2 7 0 1 2 3 4 5 6
2 7 0 8 9 10 16 17 18
3 7 0 13 14 15 11 12 7
1 4 0 19 20 21
27 2
2 4 23 24 25 26
2 2 23 1
2 2 23 2
3 2 23 3
3 2 24 4
2 2 24 5
2 2 24 6
3 2 24 7
3 2 23 8
3 2 23 9
2 2 23 10
3 2 25 11
3 2 25 12
2 2 25 13
3 2 25 14
2 2 25 15
2 2 25 16
3 2 26 17
1 2 26 18
1 2 26 19
3 2 24 20
1 2 24 21
1 2 24 22
2 7 0 1 2 10 9 8 3
3 8 0 5 6 4 20 21 22 7
2 7 0 15 16 11 12 13 14
1 4 0 17 18 19
15 2
3 3 4 13 14
2 2 13 1
2 2 13 2
3 2 13 3
3 2 0 4
2 2 14 5
3 2 14 6
3 2 14 7
1 2 14 8
1 2 14 9
2 2 13 10
2 2 13 11
2 2 13 12
2 7 0 1 2 3 12 11 10
1 6 0 7 8 9 6 5
24 2
3 3 21 22 23
2 2 21 1
2 2 21 2
3 2 21 3
3 2 22 4
3 2 22 5
2 2 21 6
3 2 22 7
1 2 22 8
1 2 22 9
2 2 22 10
3 2 23 11
3 2 21 12
2 2 21 13
2 2 21 14
2 2 21 15
2 2 21 16
3 2 23 17
3 2 23 18
1 2 23 19
1 2 23 20
2 10 0 1 2 6 3 13 12 14 15 16
3 7 0 7 8 9 5 4 10
3 6 0 18 19 20 17 11
18 2
2 4 14 15 16 17
1 2 14 1
3 2 14 2
2 2 14 3
3 2 17 4
3 2 17 5
2 2 14 6
2 2 15 7
2 2 15 8
2 2 15 9
3 2 15 10
3 2 16 11
1 2 16 12
1 2 16 13
2 5 0 1 2 3 6
2 5 0 7 8 9 10
1 4 0 11 12 13
3 3 0 4 5
33 2
1 4 29 30 31 32
2 2 29 1
2 2 29 2
3 2 29 3
2 2 29 4
2 2 29 5
3 2 29 6
3 2 30 7
2 2 30 8
2 2 30 9
3 2 30 10
3 2 29 11
3 2 29 12
3 2 30 13
3 2 30 14
2 2 30 15
2 2 30 16
3 2 30 17
3 2 30 18
3 2 30 19
3 2 31 20
2 2 31 21
2 2 30 22
3 2 31 23
1 2 31 24
1 2 31 25
3 2 32 26
1 2 32 27
1 2 32 28
2 9 0 1 2 3 4 5 12 11 6
3 13 0 8 9 10 19 18 7 13 14 15 16 17 22
1 6 0 23 24 25 20 21
1 4 0 26 27 28
26 2
3 3 23 24 25
2 2 23 1
2 2 23 2
3 2 23 3
2 2 23 4
2 2 25 5
3 2 25 6
3 2 25 7
3 2 23 8
3 2 23 9
3 2 23 10
2 2 23 11
2 2 23 12
3 2 24 13
3 2 24 14
2 2 24 15
2 2 24 16
3 2 24 17
1 2 24 18
1 2 24 19
3 2 25 20
1 2 25 21
1 2 25 22
2 10 0 1 2 10 11 12 9 8 3 4
3 8 0 15 16 14 13 17 18 19
3 7 0 20 21 22 6 5 7
27 2
2 4 23 24 25 26
2 2 23 1
2 2 23 2
3 2 23 3
3 2 24 4
2 2 24 5
2 2 24 6
3 2 24 7
3 2 23 8
3 2 23 9
2 2 23 10
3 2 26 11
3 2 26 12
2 2 25 13
2 2 25 14
2 2 25 15
3 2 25 16
3 2 25 17
1 2 25 18
1 2 25 19
3 2 24 20
1 2 24 21
1 2 24 22
2 7 0 1 2 10 9 8 3
3 8 0 5 6 4 20 21 22 7
2 8 0 13 14 15 16 17 19 18
3 3 0 11 12
26 2
2 4 22 23 24 25
2 2 22 1
2 2 22 2
2 2 22 3
3 2 22 4
3 2 22 5
2 2 22 6
3 2 23 7
2 2 23 8
2 2 23 9
2 2 23 10
2 2 23 11
3 2 23 12
3 2 25 13
3 2 25 14
2 2 24 15
2 2 24 16
3 2 24 17
2 2 24 18
3 2 24 19
1 2 24 20
1 2 24 21
2 7 0 1 2 3 6 4 5
2 7 0 8 9 10 11 12 7
2 8 0 15 16 17 18 19 21 20
3 3 0 13 14
22 2
2 4 18 19 20 21
2 2 18 1
2 2 18 2
2 2 18 3
3 2 18 4
3 2 18 5
2 2 18 6
3 2 19 7
2 2 19 8
3 2 19 9
2 2 19 10
2 2 19 11
3 2 19 12
3 2 20 13
1 2 20 14
3 2 21 15
1 2 21 16
1 2 21 17
2 7 0 1 2 3 6 4 5
2 7 0 10 11 9 8 12 7
3 3 0 13 14
1 4 0 15 16 17
21 2
2 3 18 19 20
2 2 18 1
2 2 18 2
2 2 18 3
3 2 18 4
3 2 18 5
2 2 18 6
2 2 18 7
2 2 19 8
3 2 19 9
3 2 19 10
2 2 19 11
2 2 19 12
3 2 19 13
2 2 19 14
3 2 20 15
1 2 20 16
1 2 20 17
2 8 0 1 2 3 6 4 5 7
2 8 0 11 12 10 9 8 14 13
1 4 0 15 16 17
23 2
2 4 19 20 21 22
2 2 19 1
2 2 19 2
3 2 22 3
3 2 22 4
2 2 19 5
3 2 19 6
2 2 19 7
1 2 19 8
2 2 20 9
3 2 20 10
3 2 20 11
2 2 20 12
2 2 20 13
3 2 20 14
2 2 20 15
3 2 21 16
1 2 21 17
1 2 21 18
2 7 0 7 8 6 1 2 5
2 8 0 12 13 11 10 9 15 14
1 4 0 16 17 18
3 3 0 3 4
23 2
2 4 19 20 21 22
2 2 19 1
2 2 19 2
3 2 19 3
2 2 19 4
3 2 19 5
2 2 19 6
3 2 20 7
1 2 20 8
1 2 20 9
3 2 21 10
2 2 21 11
2 2 21 12
3 2 21 13
2 2 21 14
2 2 21 15
3 2 22 16
1 2 22 17
1 2 22 18
2 7 0 1 2 6 3 4 5
1 4 0 7 8 9
2 7 0 11 12 10 15 14 13
1 4 0 16 17 18
21 2
2 3 18 19 20
2 2 18 1
2 2 18 2
3 2 18 3
3 2 18 4
2 2 18 5
3 2 18 6
3 2 19 7
1 2 19 8
1 2 19 9
2 2 18 10
3 2 20 11
3 2 20 12
2 2 20 13
2 2 20 14
3 2 20 15
2 2 20 16
1 2 20 17
2 8 0 1 2 3 4 10 5 6
1 4 0 7 8 9
2 8 0 13 14 12 11 16 15 17
27 2
2 3 24 25 26
2 2 24 1
2 2 24 2
2 2 24 3
3 2 24 4
3 2 24 5
2 2 24 6
2 2 24 7
2 2 24 8
3 2 26 9
3 2 26 10
2 2 25 11
3 2 25 12
2 2 25 13
2 2 25 14
2 2 25 15
3 2 25 16
3 2 25 17
3 2 26 18
2 2 26 19
3 2 26 20
3 2 26 21
1 2 26 22
1 2 26 23
2 9 0 1 2 3 6 4 5 7 8
2 8 0 13 14 15 16 17 12 11
3 9 0 21 22 23 20 19 18 9 10
31 2
3 3 28 29 30
2 2 28 1
2 2 28 2
3 2 29 3
2 2 29 4
2 2 29 5
3 2 29 6
2 2 29 7
2 2 29 8
3 2 30 9
3 2 30 10
2 2 30 11
3 2 30 12
2 2 28 13
2 2 28 14
3 2 28 15
2 2 28 16
2 2 28 17
3 2 28 18
3 2 28 19
3 2 29 20
3 2 29 21
3 2 30 22
3 2 30 23
3 2 28 24
3 2 30 25
1 2 30 26
1 2 30 27
2 11 0 1 2 18 17 16 19 24 15 14 13
3 9 0 4 5 3 20 21 6 7 8
3 10 0 25 26 27 10 11 9 12 22 23
21 2
2 3 18 19 20
2 2 18 1
2 2 18 2
3 2 18 3
3 2 18 4
2 2 18 5
3 2 18 6
3 2 19 7
1 2 19 8
1 2 19 9
2 2 18 10
3 2 20 11
3 2 20 12
2 2 20 13
2 2 20 14
3 2 20 15
2 2 20 16
1 2 20 17
2 8 0 1 2 3 4 10 5 6
1 4 0 7 8 9
2 8 0 13 14 12 11 16 15 17
17 2
1 3 14 15 16
2 2 14 1
2 2 14 2
3 2 14 3
3 2 16 4
2 2 15 5
3 2 15 6
3 2 15 7
1 2 15 8
1 2 15 9
3 2 16 10
1 2 16 11
1 2 16 12
1 2 14 13
2 5 0 1 2 3 13
1 6 0 7 8 9 6 5
1 5 0 10 11 12 4
27 2
3 3 24 25 26
2 2 24 1
2 2 24 2
2 2 24 3
3 2 24 4
3 2 24 5
2 2 24 6
2 2 24 7
3 2 25 8
2 2 25 9
2 2 25 10
3 2 25 11
2 2 25 12
2 2 25 13
3 2 26 14
3 2 26 15
3 2 25 16
3 2 25 17
3 2 26 18
2 2 26 19
2 2 26 20
3 2 26 21
1 2 26 22
1 2 26 23
2 8 0 1 2 3 6 4 5 7
3 9 0 9 10 8 17 16 11 12 13
3 9 0 19 20 18 15 14 21 22 23
21 2
2 3 18 19 20
2 2 18 1
2 2 18 2
3 2 18 3
3 2 18 4
2 2 18 5
3 2 18 6
3 2 19 7
1 2 19 8
1 2 19 9
2 2 18 10
3 2 20 11
3 2 20 12
2 2 20 13
2 2 20 14
3 2 20 15
2 2 20 16
1 2 20 17
2 8 0 1 2 3 4 10 5 6
1 4 0 7 8 9
2 8 0 13 14 12 11 16 15 17
28 2
3 4 24 25 26 27
2 2 24 1
2 2 24 2
3 2 24 3
3 2 24 4
2 2 24 5
3 2 24 6
3 2 25 7
1 2 25 8
1 2 25 9
3 2 26 10
1 2 26 11
3 2 26 12
3 2 27 13
3 2 27 14
2 2 26 15
3 2 26 16
2 2 26 17
3 2 26 18
1 2 26 19
1 2 26 20
3 2 27 21
1 2 27 22
1 2 27 23
2 7 0 1 2 3 4 5 6
1 4 0 7 8 9
3 10 0 10 11 12 17 16 15 18 19 20
3 6 0 21 22 23 14 13
28 2
3 4 24 25 26 27
2 2 24 1
2 2 24 2
2 2 24 3
3 2 24 4
2 2 24 5
3 2 27 6
3 2 25 7
2 2 25 8
2 2 25 9
2 2 25 10
3 2 25 11
3 2 25 12
3 2 25 13
2 2 27 14
3 2 27 15
2 2 24 16
3 2 24 17
2 2 24 18
2 2 25 19
3 2 25 20
3 2 26 21
1 2 26 22
1 2 26 23
2 9 0 1 2 18 3 17 4 16 5
3 10 0 8 9 10 11 12 7 20 19 13
1 4 0 21 22 23
3 4 0 14 15 6
26 2
2 4 13 23 24 25
2 2 23 1
2 2 23 2
2 2 23 3
3 2 23 4
3 2 23 5
2 2 23 6
3 2 24 7
2 2 24 8
2 2 24 9
2 2 24 10
3 2 24 11
3 2 24 12
3 2 0 13
3 2 25 14
3 2 25 15
2 2 24 16
3 2 25 17
1 2 25 18
1 2 25 19
3 2 25 20
1 2 25 21
1 2 25 22
2 7 0 1 2 3 6 4 5
2 8 0 8 9 10 11 16 12 7
3 9 0 17 18 19 15 14 20 21 22
30 2
2 5 25 26 27 28 29
2 2 25 1
2 2 25 2
3 2 25 3
3 2 25 4
2 2 25 5
3 2 25 6
3 2 27 7
2 2 26 8
2 2 26 9
3 2 26 10
2 2 26 11
3 2 27 12
3 2 27 13
1 2 27 14
1 2 27 15
3 2 26 16
1 2 26 17
1 2 26 18
3 2 28 19
1 2 28 20
1 2 28 21
3 2 29 22
1 2 29 23
1 2 29 24
2 7 0 1 2 3 4 5 6
2 8 0 8 9 10 11 16 17 18
3 6 0 13 14 15 12 7
1 4 0 19 20 21
1 4 0 22 23 24
28 2
1 4 24 25 26 27
2 2 24 1
2 2 24 2
3 2 24 3
3 2 25 4
2 2 25 5
3 2 25 6
2 2 25 7
3 2 25 8
1 2 25 9
4 2 27 10
1 2 27 11
1 2 27 12
1 2 27 13
2 2 25 14
3 2 24 15
3 2 24 16
2 2 24 17
2 2 24 18
3 2 24 19
2 2 24 20
3 2 26 21
1 2 26 22
1 2 26 23
2 10 0 1 2 3 16 17 18 19 20 15
3 8 0 8 9 7 6 5 4 14
1 4 0 21 22 23
1 5 0 10 11 12 13
21 2
2 3 18 19 20
2 2 18 1
2 2 18 2
3 2 18 3
3 2 19 4
2 2 19 5
3 2 19 6
1 2 19 7
2 2 19 8
3 2 19 9
3 2 18 10
2 2 18 11
2 2 18 12
3 2 20 13
2 2 19 14
3 2 20 15
1 2 20 16
1 2 20 17
2 7 0 1 2 3 10 11 12
3 8 0 6 7 5 4 8 9 14
1 5 0 15 16 17 13
21 2
2 3 18 19 20
2 2 18 1
2 2 18 2
2 2 18 3
3 2 18 4
2 2 18 5
2 2 18 6
2 2 18 7
2 2 19 8
3 2 19 9
2 2 19 10
2 2 19 11
3 2 19 12
2 2 19 13
2 2 19 14
3 2 20 15
1 2 20 16
1 2 20 17
2 8 0 1 2 3 6 5 4 7
2 8 0 10 11 9 8 14 13 12
1 4 0 15 16 17
21 2
2 3 18 19 20
2 2 18 1
2 2 18 2
3 2 18 3
3 2 18 4
2 2 18 5
3 2 18 6
3 2 19 7
1 2 19 8
1 2 19 9
2 2 18 10
3 2 20 11
3 2 20 12
2 2 20 13
2 2 20 14
3 2 20 15
2 2 20 16
1 2 20 17
2 8 0 1 2 3 4 10 5 6
1 4 0 7 8 9
2 8 0 13 14 12 11 16 15 17
23 2
2 3 20 21 22
2 2 20 1
2 2 20 2
2 2 20 3
3 2 20 4
3 2 20 5
2 2 20 6
3 2 21 7
2 2 21 8
2 2 21 9
2 2 21 10
3 2 21 11
3 2 21 12
3 2 22 13
2 2 22 14
3 2 22 15
2 2 21 16
3 2 22 17
1 2 22 18
1 2 22 19
2 7 0 1 2 3 6 4 5
2 8 0 8 9 10 11 16 12 7
3 7 0 17 18 19 15 14 13
21 2
2 3 18 19 20
2 2 18 1
2 2 18 2
2 2 18 3
3 2 18 4
3 2 18 5
2 2 18 6
2 2 18 7
2 2 19 8
3 2 19 9
3 2 19 10
2 2 19 11
2 2 19 12
3 2 19 13
2 2 19 14
3 2 20 15
1 2 20 16
1 2 20 17
2 8 0 1 2 3 6 4 5 7
2 8 0 11 12 10 9 8 14 13
1 4 0 15 16 17
16 2
1 3 13 14 15
2 2 13 1
2 2 13 2
3 2 13 3
2 2 13 4
2 2 13 5
3 2 13 6
3 2 14 7
1 2 14 8
1 2 14 9
3 2 15 10
1 2 15 11
1 2 15 12
2 7 0 1 2 3 4 5 6
1 4 0 7 8 9
1 4 0 10 11 12
27 2
2 3 24 25 26
2 2 24 1
2 2 24 2
3 2 24 3
2 2 24 4
3 2 26 5
3 2 26 6
3 2 25 7
3 2 24 8
3 2 24 9
3 2 24 10
2 2 24 11
2 2 24 12
3 2 25 13
3 2 25 14
2 2 25 15
2 2 25 16
3 2 25 17
1 2 25 18
1 2 25 19
2 2 26 20
2 2 26 21
2 2 26 22
2 2 26 23
2 10 0 1 2 10 11 12 9 8 3 4
3 9 0 15 16 14 13 17 18 19 7
2 7 0 20 21 22 23 5 6
26 2
3 3 23 24 25
2 2 23 1
3 2 25 2
2 2 25 3
3 2 25 4
3 2 23 5
3 2 23 6
2 2 23 7
2 2 23 8
3 2 23 9
3 2 23 10
3 2 24 11
2 2 24 12
3 2 24 13
2 2 23 14
3 2 24 15
1 2 24 16
1 2 24 17
2 2 24 18
2 2 24 19
3 2 25 20
1 2 25 21
1 2 25 22
3 9 0 7 8 9 14 10 5 6 1
3 9 0 15 16 17 13 12 11 18 19
3 7 0 20 21 22 2 3 4
21 2
2 3 18 19 20
2 2 18 1
2 2 18 2
2 2 18 3
3 2 18 4
2 2 19 5
3 2 19 6
2 2 19 7
3 2 19 8
2 2 19 9
2 2 19 10
3 2 19 11
2 2 18 12
3 2 18 13
2 2 18 14
3 2 20 15
1 2 20 16
1 2 20 17
2 8 0 1 2 3 14 4 13 12
2 8 0 9 10 8 7 11 6 5
1 4 0 15 16 17
24 2
3 3 21 22 23
2 2 21 1
2 2 21 2
3 2 21 3
3 2 22 4
2 2 22 5
3 2 22 6
3 2 22 7
1 2 22 8
1 2 22 9
2 2 22 10
3 2 23 11
2 2 23 12
3 2 23 13
2 2 21 14
2 2 21 15
3 2 21 16
2 2 21 17
3 2 23 18
1 2 23 19
1 2 23 20
2 8 0 1 2 3 17 16 15 14
3 8 0 7 8 9 6 5 4 10
3 7 0 18 19 20 13 12 11
23 2
2 4 7 20 21 22
2 2 20 1
2 2 20 2
2 2 20 3
3 2 20 4
3 2 20 5
2 2 20 6
3 2 0 7
2 2 21 8
2 2 21 9
2 2 21 10
3 2 21 11
3 2 22 12
3 2 22 13
3 2 22 14
2 2 21 15
2 2 21 16
3 2 22 17
1 2 22 18
1 2 22 19
2 7 0 1 2 3 6 4 5
2 7 0 8 9 10 11 16 15
3 7 0 17 18 19 14 13 12
20 2
2 3 17 18 19
2 2 17 1
2 2 17 2
3 2 17 3
3 2 19 4
2 2 19 5
2 2 17 6
2 2 17 7
3 2 17 8
3 2 18 9
1 2 18 10
1 2 18 11
3 2 19 12
2 2 17 13
3 2 19 14
1 2 19 15
1 2 19 16
2 8 0 1 2 13 3 8 7 6
1 4 0 9 10 11
3 7 0 14 15 16 12 4 5
30 2
2 3 27 28 29
2 2 27 1
2 2 27 2
3 2 27 3
3 2 28 4
2 2 28 5
2 2 28 6
3 2 28 7
3 2 27 8
3 2 27 9
3 2 27 10
2 2 27 11
2 2 27 12
3 2 29 13
3 2 29 14
3 2 28 15
3 2 28 16
2 2 28 17
2 2 28 18
2 2 28 19
2 2 28 20
3 2 29 21
1 2 29 22
1 2 29 23
3 2 28 24
1 2 28 25
1 2 28 26
2 9 0 1 2 10 11 12 9 8 3
2 14 0 5 6 4 24 26 25 7 16 17 18 19 20 15
3 6 0 21 22 23 13 14
31 2
2 4 27 28 29 30
2 2 27 1
2 2 27 2
3 2 27 3
2 2 27 4
2 2 27 5
3 2 30 6
3 2 29 7
2 2 29 8
3 2 29 9
3 2 28 10
3 2 30 11
3 2 27 12
3 2 27 13
2 2 27 14
3 2 28 15
3 2 28 16
2 2 28 17
2 2 28 18
2 2 28 19
2 2 28 20
3 2 29 21
1 2 29 22
1 2 29 23
3 2 29 24
1 2 29 25
1 2 29 26
2 9 0 1 2 14 3 4 5 12 13
2 8 0 17 18 19 20 16 15 10
3 10 0 21 22 23 9 8 7 24 25 26
3 3 0 6 11
24 2
2 4 20 21 22 23
2 2 20 1
2 2 20 2
3 2 20 3
3 2 20 4
2 2 20 5
3 2 20 6
3 2 21 7
1 2 21 8
1 2 21 9
2 2 20 10
3 2 22 11
3 2 22 12
2 2 22 13
2 2 22 14
3 2 22 15
2 2 22 16
3 2 23 17
1 2 23 18
1 2 23 19
2 8 0 1 2 3 4 10 5 6
1 4 0 7 8 9
2 7 0 13 14 12 11 16 15
1 4 0 17 18 19
23 2
3 3 20 21 22
2 2 20 1
2 2 20 2
3 2 20 3
3 2 21 4
2 2 21 5
3 2 21 6
3 2 21 7
1 2 21 8
1 2 21 9
2 2 21 10
3 2 22 11
2 2 22 12
3 2 22 13
3 2 22 14
2 2 20 15
3 2 20 16
2 2 20 17
1 2 22 18
1 2 22 19
2 7 0 1 2 3 17 16 15
3 8 0 7 8 9 6 5 4 10
3 7 0 13 19 12 11 14 18
21 2
2 3 18 19 20
2 2 18 1
2 2 18 2
2 2 18 3
3 2 18 4
3 2 18 5
2 2 18 6
2 2 19 7
3 2 19 8
2 2 19 9
2 2 19 10
3 2 19 11
2 2 19 12
3 2 19 13
2 2 18 14
3 2 20 15
1 2 20 16
1 2 20 17
2 8 0 1 2 3 6 4 5 14
2 8 0 9 10 8 7 11 12 13
1 4 0 15 16 17
26 2
2 4 22 23 24 25
2 2 22 1
2 2 22 2
3 2 22 3
2 2 22 4
2 2 22 5
3 2 22 6
3 2 24 7
2 2 23 8
2 2 23 9
3 2 23 10
2 2 23 11
3 2 24 12
3 2 24 13
1 2 24 14
1 2 24 15
3 2 23 16
1 2 23 17
1 2 23 18
3 2 25 19
1 2 25 20
1 2 25 21
2 7 0 1 2 3 4 5 6
2 8 0 8 9 10 11 16 17 18
3 6 0 13 14 15 12 7
1 4 0 19 20 21
30 2
3 4 26 27 28 29
2 2 26 1
2 2 26 2
3 2 29 3
3 2 29 4
3 2 29 5
2 2 26 6
2 2 26 7
3 2 26 8
3 2 26 9
3 2 26 10
2 2 26 11
2 2 26 12
3 2 26 13
3 2 27 14
1 2 27 15
1 2 27 16
2 2 28 17
3 2 28 18
3 2 28 19
3 2 28 20
3 2 28 21
2 2 28 22
2 2 28 23
1 2 28 24
1 2 28 25
2 11 0 1 2 10 11 12 9 8 13 7 6
1 4 0 14 15 16
3 10 0 20 25 19 18 17 23 22 21 24
3 4 0 3 4 5
28 2
3 4 24 25 26 27
2 2 24 1
2 2 24 2
2 2 24 3
3 2 24 4
3 2 24 5
2 2 24 6
2 2 24 7
2 2 24 8
3 2 27 9
3 2 27 10
3 2 25 11
3 2 25 12
3 2 25 13
2 2 27 14
2 2 25 15
2 2 25 16
2 2 25 17
3 2 25 18
3 2 25 19
2 2 25 20
3 2 26 21
1 2 26 22
1 2 26 23
2 9 0 1 2 3 6 4 5 7 8
3 10 0 15 16 17 18 19 20 13 12 11
1 4 0 21 22 23
3 4 0 9 14 10
24 2
1 4 20 21 22 23
2 2 20 1
2 2 20 2
3 2 20 3
2 2 20 4
3 2 22 5
2 2 22 6
3 2 22 7
3 2 20 8
3 2 20 9
2 2 20 10
3 2 21 11
1 2 21 12
1 2 21 13
3 2 22 14
1 2 22 15
1 2 22 16
3 2 23 17
1 2 23 18
1 2 23 19
2 8 0 1 2 10 9 8 3 4
1 4 0 11 12 13
3 7 0 14 15 16 7 6 5
1 4 0 17 18 19
21 2
2 3 18 19 20
2 2 18 1
2 2 18 2
3 2 18 3
3 2 18 4
2 2 18 5
3 2 18 6
3 2 19 7
1 2 19 8
1 2 19 9
2 2 18 10
3 2 20 11
3 2 20 12
2 2 20 13
2 2 20 14
3 2 20 15
2 2 20 16
1 2 20 17
2 8 0 1 2 3 4 10 5 6
1 4 0 7 8 9
2 8 0 13 14 12 11 16 15 17
28 2
2 4 24 25 26 27
2 2 24 1
2 2 24 2
3 2 24 3
2 2 24 4
3 2 24 5
2 2 24 6
2 2 24 7
3 2 25 8
1 2 25 9
2 2 25 10
2 2 25 11
2 2 25 12
3 2 25 13
2 2 25 14
2 2 25 15
3 2 25 16
2 2 25 17
3 2 26 18
1 2 26 19
1 2 26 20
3 2 27 21
1 2 27 22
1 2 27 23
2 8 0 1 2 3 4 5 6 7
2 11 0 8 9 10 11 12 13 17 14 15 16
1 4 0 18 19 20
1 4 0 21 22 23
25 2
1 4 21 22 23 24
2 2 21 1
2 2 21 2
3 2 21 3
3 2 21 4
2 2 21 5
3 2 21 6
3 2 22 7
1 2 22 8
1 2 22 9
3 2 23 10
1 2 23 11
3 2 23 12
3 2 23 13
2 2 23 14
2 2 23 15
3 2 23 16
2 2 23 17
3 2 24 18
1 2 24 19
1 2 24 20
2 7 0 1 2 3 4 5 6
1 4 0 7 8 9
3 9 0 10 11 12 17 16 15 14 13
1 4 0 18 19 20
24 2
2 3 21 22 23
2 2 21 1
2 2 21 2
2 2 21 3
3 2 21 4
3 2 21 5
2 2 21 6
3 2 22 7
2 2 22 8
2 2 22 9
2 2 22 10
3 2 22 11
3 2 22 12
3 2 23 13
3 2 23 14
3 2 23 15
2 2 22 16
1 2 23 17
3 2 23 18
1 2 23 19
1 2 23 20
2 7 0 1 2 3 6 4 5
2 8 0 8 9 10 11 16 12 7
3 8 0 15 17 14 18 19 20 13
27 2
2 3 24 25 26
2 2 24 1
2 2 24 2
2 2 24 3
3 2 24 4
3 2 24 5
2 2 24 6
2 2 24 7
3 2 25 8
2 2 25 9
2 2 25 10
3 2 25 11
3 2 26 12
2 2 26 13
2 2 26 14
3 2 25 15
3 2 25 16
3 2 25 17
3 2 25 18
2 2 25 19
2 2 25 20
3 2 26 21
1 2 26 22
1 2 26 23
2 8 0 1 2 3 6 4 5 7
3 11 0 9 10 8 17 16 11 18 19 20 15
2 7 0 13 14 12 21 23 22
24 2
2 4 20 21 22 23
2 2 20 1
2 2 20 2
3 2 20 3
3 2 20 4
3 2 20 5
2 2 20 6
3 2 21 7
1 2 21 8
1 2 21 9
3 2 22 10
2 2 22 11
2 2 22 12
3 2 22 13
2 2 22 14
3 2 22 15
2 2 20 16
3 2 23 17
1 2 23 18
1 2 23 19
2 8 0 1 2 6 3 16 4 5
1 4 0 7 8 9
2 7 0 11 12 10 13 14 15
1 4 0 17 18 19
34 2
1 5 29 30 31 32 33
2 2 29 1
2 2 29 2
3 2 29 3
3 2 33 4
2 2 30 5
3 2 30 6
3 2 30 7
3 2 29 8
3 2 29 9
3 2 29 10
3 2 29 11
2 2 29 12
3 2 30 13
3 2 30 14
2 2 30 15
2 2 30 16
3 2 30 17
1 2 30 18
1 2 30 19
3 2 31 20
1 2 31 21
1 2 31 22
3 2 32 23
1 2 32 24
1 2 32 25
3 2 33 26
1 2 33 27
1 2 33 28
3 9 0 1 2 10 11 12 9 3 8
3 11 0 15 16 14 13 17 19 18 7 6 5
1 4 0 20 21 22
1 4 0 23 24 25
1 5 0 26 27 28 4
31 2
2 4 27 28 29 30
2 2 27 1
2 2 27 2
3 2 27 3
2 2 27 4
2 2 27 5
3 2 30 6
3 2 30 7
3 2 27 8
3 2 27 9
3 2 27 10
2 2 27 11
2 2 27 12
3 2 29 13
3 2 28 14
3 2 28 15
3 2 28 16
2 2 28 17
2 2 28 18
2 2 28 19
2 2 28 20
3 2 29 21
1 2 29 22
1 2 29 23
3 2 30 24
1 2 30 25
1 2 30 26
2 11 0 1 2 10 11 12 9 8 3 4 5
2 8 0 17 18 19 20 16 15 14
1 5 0 21 22 23 13
3 6 0 24 25 26 6 7
20 2
2 3 17 18 19
2 2 17 1
2 2 17 2
2 2 17 3
3 2 17 4
3 2 17 5
2 2 17 6
2 2 17 7
3 2 18 8
3 2 18 9
2 2 18 10
2 2 18 11
3 2 18 12
2 2 18 13
3 2 19 14
1 2 19 15
1 2 19 16
2 8 0 1 2 3 6 4 5 7
2 7 0 10 11 9 8 13 12
1 4 0 14 15 16
28 2
2 4 24 25 26 27
2 2 24 1
2 2 24 2
3 2 24 3
2 2 24 4
2 2 24 5
2 2 24 6
3 2 24 7
3 2 24 8
3 2 24 9
2 2 24 10
3 2 27 11
3 2 27 12
2 2 25 13
3 2 25 14
2 2 25 15
3 2 25 16
2 2 25 17
2 2 25 18
3 2 25 19
2 2 25 20
3 2 26 21
1 2 26 22
1 2 26 23
2 11 0 1 2 10 9 8 3 4 5 6 7
2 9 0 17 18 16 15 19 14 13 20
1 4 0 21 22 23
3 3 0 11 12
23 2
2 4 19 20 21 22
2 2 19 1
2 2 19 2
3 2 19 3
2 2 19 4
2 2 19 5
3 2 19 6
3 2 20 7
2 2 20 8
2 2 20 9
3 2 20 10
2 2 20 11
2 2 20 12
3 2 21 13
1 2 21 14
1 2 21 15
3 2 22 16
1 2 22 17
1 2 22 18
2 7 0 1 2 3 4 5 6
2 7 0 8 9 10 11 12 7
1 4 0 13 14 15
1 4 0 16 17 18
21 2
2 3 18 19 20
2 2 18 1
2 2 18 2
2 2 18 3
3 2 18 4
3 2 18 5
2 2 18 6
2 2 19 7
3 2 19 8
2 2 19 9
2 2 19 10
3 2 19 11
2 2 19 12
3 2 19 13
2 2 18 14
3 2 20 15
1 2 20 16
1 2 20 17
2 8 0 1 2 3 6 4 5 14
2 8 0 9 10 8 7 11 12 13
1 4 0 15 16 17
24 2
2 4 20 21 22 23
2 2 20 1
2 2 20 2
3 2 20 3
2 2 20 4
2 2 20 5
2 2 23 6
3 2 23 7
3 2 20 8
3 2 20 9
2 2 20 10
3 2 21 11
3 2 21 12
3 2 21 13
2 2 21 14
2 2 21 15
2 2 21 16
3 2 22 17
1 2 22 18
1 2 22 19
2 9 0 1 2 10 9 8 3 4 5
2 7 0 14 15 16 11 12 13
1 4 0 17 18 19
2 3 0 6 7
16 2
1 3 13 14 15
2 2 13 1
2 2 13 2
3 2 13 3
2 2 13 4
3 2 13 5
2 2 13 6
3 2 14 7
1 2 14 8
1 2 14 9
3 2 15 10
1 2 15 11
1 2 15 12
2 7 0 1 2 6 3 4 5
1 4 0 7 8 9
1 4 0 10 11 12
31 2
1 5 26 27 28 29 30
2 2 26 1
2 2 26 2
2 2 26 3
3 2 26 4
3 2 26 5
2 2 26 6
3 2 27 7
2 2 27 8
2 2 27 9
3 2 27 10
3 2 27 11
3 2 27 12
3 2 26 13
3 2 29 14
3 2 27 15
2 2 27 16
3 2 28 17
1 2 28 18
1 2 28 19
3 2 29 20
1 2 29 21
1 2 29 22
3 2 30 23
1 2 30 24
1 2 30 25
2 8 0 1 2 3 6 4 5 13
3 9 0 8 9 10 11 16 15 7 12
1 4 0 17 18 19
1 5 0 20 21 22 14
1 4 0 23 24 25
20 2
2 3 17 18 19
2 2 17 1
2 2 17 2
2 2 17 3
3 2 17 4
2 2 17 5
3 2 18 6
2 2 18 7
3 2 18 8
2 2 18 9
2 2 18 10
3 2 18 11
3 2 17 12
2 2 17 13
3 2 19 14
1 2 19 15
1 2 19 16
2 8 0 1 2 3 13 4 12 5
2 7 0 9 10 8 7 11 6
1 4 0 14 15 16
27 2
2 4 8 24 25 26
2 2 24 1
2 2 24 2
2 2 24 3
3 2 24 4
3 2 24 5
2 2 24 6
2 2 24 7
3 2 0 8
3 2 25 9
2 2 25 10
2 2 25 11
2 2 25 12
2 2 25 13
3 2 25 14
2 2 25 15
3 2 26 16
3 2 26 17
3 2 26 18
2 2 26 19
3 2 26 20
3 2 26 21
1 2 26 22
1 2 26 23
2 8 0 1 2 3 6 4 5 7
2 8 0 10 11 12 13 9 14 15
3 9 0 21 22 23 20 19 16 17 18
27 2
2 3 24 25 26
2 2 24 1
2 2 24 2
2 2 24 3
3 2 24 4
2 2 24 5
3 2 26 6
3 2 26 7
2 2 25 8
2 2 25 9
2 2 25 10
3 2 25 11
3 2 26 12
3 2 26 13
2 2 26 14
3 2 26 15
2 2 24 16
3 2 24 17
2 2 24 18
3 2 25 19
2 2 25 20
3 2 25 21
1 2 25 22
1 2 25 23
2 9 0 1 2 18 3 17 4 16 5
2 10 0 8 9 10 11 20 19 21 22 23
3 7 0 13 14 12 7 6 15
20 2
2 3 17 18 19
2 2 17 1
2 2 17 2
2 2 17 3
3 2 17 4
3 2 17 5
2 2 17 6
3 2 18 7
2 2 18 8
3 2 18 9
2 2 18 10
2 2 18 11
3 2 18 12
2 2 17 13
3 2 19 14
1 2 19 15
1 2 19 16
2 8 0 1 2 3 6 4 5 13
2 7 0 10 11 9 8 12 7
1 4 0 14 15 16
24 2
2 3 21 22 23
1 2 21 1
3 2 21 2
1 2 21 3
2 2 21 4
3 2 21 5
2 2 21 6
2 2 21 7
3 2 23 8
3 2 23 9
2 2 21 10
2 2 23 11
3 2 23 12
3 2 23 13
2 2 22 14
2 2 22 15
3 2 22 16
2 2 22 17
3 2 22 18
1 2 22 19
1 2 22 20
2 9 0 1 2 3 4 5 10 6 7
2 8 0 14 15 16 17 18 20 19
3 6 0 9 11 8 12 13
27 2
2 3 24 25 26
2 2 24 1
2 2 24 2
2 2 24 3
3 2 24 4
3 2 24 5
2 2 24 6
3 2 26 7
2 2 25 8
2 2 25 9
2 2 25 10
3 2 25 11
3 2 26 12
3 2 26 13
3 2 26 14
3 2 26 15
2 2 25 16
2 2 25 17
3 2 25 18
2 2 25 19
2 2 25 20
3 2 26 21
1 2 26 22
1 2 26 23
2 7 0 1 2 3 6 4 5
2 10 0 8 9 10 11 20 19 18 17 16
3 9 0 21 22 23 15 14 13 12 7
29 2
3 3 26 27 28
2 2 26 1
2 2 26 2
3 2 26 3
3 2 28 4
3 2 28 5
2 2 27 6
3 2 27 7
3 2 26 8
3 2 26 9
3 2 26 10
2 2 26 11
2 2 26 12
3 2 27 13
3 2 27 14
2 2 27 15
2 2 27 16
3 2 27 17
1 2 27 18
1 2 27 19
3 2 28 20
3 2 28 21
2 2 28 22
2 2 28 23
1 2 28 24
1 2 28 25
2 9 0 1 2 10 11 12 9 8 3
3 10 0 15 16 14 13 17 18 19 7 6
3 9 0 20 25 21 24 22 23 4 5
23 2
3 3 20 21 22
2 2 20 1
2 2 20 2
3 2 20 3
3 2 21 4
3 2 21 5
2 2 20 6
2 2 21 7
2 2 21 8
3 2 21 9
3 2 21 10
3 2 22 11
2 2 22 12
3 2 22 13
2 2 21 14
3 2 22 15
1 2 22 16
1 2 22 17
2 2 20 18
2 2 20 19
2 7 0 1 2 6 3 19 18
3 8 0 7 8 9 14 10 5 4
3 7 0 15 16 17 13 12 11
28 2
2 4 24 25 26 27
2 2 24 1
2 2 24 2
2 2 24 3
3 2 24 4
3 2 24 5
2 2 24 6
3 2 27 7
2 2 25 8
2 2 25 9
2 2 25 10
3 2 25 11
3 2 27 12
3 2 27 13
3 2 27 14
2 2 25 15
2 2 25 16
3 2 25 17
3 2 25 18
2 2 25 19
2 2 25 20
3 2 26 21
1 2 26 22
1 2 26 23
2 7 0 1 2 3 6 4 5
2 11 0 8 9 10 11 20 19 18 17 16 15
1 4 0 21 22 23
3 5 0 7 12 13 14
24 2
2 4 20 21 22 23
2 2 20 1
2 2 20 2
3 2 20 3
2 2 20 4
2 2 20 5
3 2 23 6
2 2 21 7
2 2 21 8
2 2 21 9
3 2 21 10
3 2 23 11
3 2 23 12
3 2 23 13
2 2 20 14
2 2 21 15
3 2 21 16
3 2 22 17
1 2 22 18
1 2 22 19
2 7 0 1 2 14 3 4 5
2 7 0 7 8 9 10 16 15
1 4 0 17 18 19
3 5 0 6 11 12 13
24 2
1 4 20 21 22 23
2 2 20 1
2 2 20 2
3 2 20 3
2 2 20 4
3 2 22 5
3 2 22 6
2 2 22 7
3 2 20 8
3 2 20 9
2 2 20 10
3 2 21 11
1 2 21 12
1 2 21 13
3 2 22 14
1 2 22 15
1 2 22 16
3 2 23 17
1 2 23 18
1 2 23 19
2 8 0 1 2 10 9 8 3 4
1 4 0 11 12 13
3 7 0 14 15 16 6 7 5
1 4 0 17 18 19
29 2
3 3 26 27 28
2 2 26 1
2 2 26 2
3 2 26 3
3 2 28 4
2 2 28 5
3 2 28 6
3 2 27 7
3 2 26 8
3 2 26 9
3 2 26 10
2 2 26 11
2 2 26 12
3 2 27 13
3 2 27 14
2 2 27 15
2 2 27 16
3 2 27 17
1 2 27 18
1 2 27 19
3 2 28 20
1 2 28 21
1 2 28 22
3 2 28 23
1 2 28 24
1 2 28 25
2 9 0 1 2 10 11 12 9 8 3
3 9 0 15 16 14 13 17 18 19 7
3 10 0 20 21 22 6 5 4 23 24 25
23 2
2 4 19 20 21 22
1 2 19 1
2 2 19 2
3 2 19 3
2 2 19 4
2 2 19 5
3 2 22 6
3 2 22 7
2 2 19 8
2 2 20 9
3 2 20 10
3 2 20 11
2 2 20 12
2 2 20 13
3 2 20 14
2 2 20 15
3 2 21 16
1 2 21 17
1 2 21 18
2 7 0 1 2 3 8 4 5
2 8 0 12 13 11 10 9 15 14
1 4 0 16 17 18
3 3 0 6 7
19 2
2 3 16 17 18
2 2 16 1
2 2 16 2
3 2 17 3
2 2 17 4
2 2 17 5
2 2 17 6
3 2 17 7
3 2 17 8
3 2 16 9
2 2 16 10
2 2 16 11
3 2 18 12
3 2 18 13
1 2 18 14
1 2 18 15
2 6 0 1 2 10 9 11
2 7 0 4 5 6 3 8 7
1 5 0 13 14 15 12
20 0
2 3 17 18 19
2 2 17 1
2 2 17 2
3 2 17 3
2 2 17 4
3 2 17 5
2 2 17 6
1 2 17 7
3 2 18 8
2 2 18 9
2 2 18 10
2 2 18 11
3 2 18 12
2 2 18 13
3 2 19 14
1 2 19 15
1 2 19 16
2 8 0 1 2 6 3 4 5 7
2 7 0 9 10 11 8 13 12
1 4 0 14 15 16
31 0
1 6 25 26 27 28 29 30
2 2 25 1
2 2 25 2
3 2 25 3
3 2 25 4
3 2 25 5
2 2 25 6
3 2 26 7
1 2 26 8
1 2 26 9
3 2 27 10
2 2 27 11
2 2 27 12
3 2 27 13
2 2 27 14
3 2 27 15
3 2 28 16
1 2 28 17
1 2 28 18
3 2 29 19
1 2 29 20
1 2 29 21
3 2 30 22
1 2 30 23
1 2 30 24
2 7 0 1 2 6 3 4 5
1 4 0 7 8 9
2 7 0 11 12 10 13 14 15
1 4 0 16 17 18
1 4 0 19 20 21
1 4 0 22 23 24
14 0
2 2 12 13
2 2 12 1
2 2 12 2
3 2 13 3
2 2 13 4
2 2 13 5
3 2 12 6
2 2 12 7
1 2 12 8
3 2 13 9
1 2 13 10
1 2 13 11
2 6 0 7 8 6 1 2
2 7 0 4 5 3 9 10 11
17 0
1 3 14 15 16
2 2 14 1
2 2 14 2
3 2 14 3
3 2 16 4
2 2 15 5
3 2 15 6
3 2 15 7
1 2 15 8
1 2 15 9
3 2 16 10
1 2 16 11
1 2 16 12
1 2 14 13
2 5 0 1 2 3 13
1 6 0 7 8 9 6 5
1 5 0 10 11 12 4
20 0
2 3 17 18 19
2 2 17 1
2 2 17 2
2 2 17 3
3 2 17 4
3 2 17 5
2 2 17 6
3 2 18 7
2 2 18 8
2 2 18 9
3 2 18 10
2 2 18 11
2 2 18 12
3 2 19 13
1 2 19 14
1 2 19 15
1 2 17 16
2 8 0 1 2 3 6 4 5 16
2 7 0 8 9 10 11 12 7
1 4 0 13 14 15
14 0
2 3 11 12 13
2 2 11 1
2 2 11 2
3 2 11 3
2 2 11 4
2 2 13 5
3 2 13 6
3 2 12 7
1 2 12 8
1 2 12 9
1 2 11 10
2 6 0 1 2 3 10 4
1 4 0 7 8 9
2 3 0 5 6
26 0
2 4 22 23 24 25
2 2 22 1
2 2 22 2
2 2 22 3
3 2 22 4
3 2 22 5
2 2 22 6
3 2 24 7
2 2 23 8
2 2 23 9
3 2 23 10
2 2 23 11
3 2 24 12
3 2 24 13
1 2 24 14
1 2 24 15
3 2 23 16
1 2 23 17
1 2 23 18
3 2 25 19
1 2 25 20
1 2 25 21
2 7 0 1 2 3 6 4 5
2 8 0 8 9 10 11 16 17 18
3 6 0 13 14 15 12 7
1 4 0 19 20 21
17 0
2 3 14 15 16
1 2 14 1
3 2 14 2
3 2 15 3
2 2 15 4
2 2 15 5
3 2 15 6
2 2 15 7
3 2 15 8
2 2 14 9
2 2 14 10
3 2 16 11
1 2 16 12
1 2 16 13
2 5 0 1 2 10 9
2 7 0 4 5 3 8 7 6
1 4 0 11 12 13
21 0
2 3 18 19 20
1 2 18 1
3 2 18 2
2 2 18 3
2 2 18 4
2 2 18 5
2 2 18 6
3 2 18 7
3 2 19 8
2 2 19 9
2 2 19 10
3 2 19 11
3 2 19 12
2 2 19 13
1 2 19 14
3 2 20 15
1 2 20 16
1 2 20 17
2 8 0 1 2 3 4 5 6 7
2 8 0 9 10 8 13 11 12 14
1 4 0 15 16 17
14 0
2 2 12 13
2 2 12 1
2 2 12 2
3 2 12 3
3 2 13 4
2 2 13 5
3 2 13 6
1 2 13 7
1 2 13 8
3 2 12 9
1 2 12 10
1 2 12 11
2 7 0 1 2 3 9 10 11
3 6 0 4 8 5 6 7
18 0
1 3 15 16 17
2 2 15 1
2 2 15 2
3 2 15 3
3 2 17 4
2 2 16 5
3 2 16 6
3 2 16 7
1 2 16 8
1 2 16 9
3 2 17 10
1 2 17 11
1 2 17 12
2 2 15 13
1 2 15 14
2 6 0 13 14 3 2 1
1 6 0 7 8 9 6 5
1 5 0 10 11 12 4
14 0
2 2 12 13
1 2 12 1
2 2 12 2
3 2 12 3
2 2 12 4
2 2 12 5
2 2 13 6
2 2 13 7
3 2 13 8
3 2 13 9
1 2 13 10
1 2 13 11
2 6 0 1 2 3 4 5
2 7 0 6 7 8 9 10 11
23 0
2 3 20 21 22
2 2 20 1
2 2 20 2
2 2 20 3
3 2 20 4
2 2 20 5
2 2 20 6
2 2 20 7
2 2 21 8
3 2 21 9
1 2 21 10
3 2 21 11
2 2 21 12
2 2 21 13
3 2 21 14
2 2 21 15
2 2 21 16
3 2 22 17
1 2 22 18
1 2 22 19
2 8 0 1 2 3 6 5 4 7
2 10 0 9 10 8 11 16 12 13 15 14
1 4 0 17 18 19
14 0
2 2 12 13
2 2 12 1
2 2 13 2
2 2 13 3
3 2 13 4
3 2 12 5
2 2 12 6
2 2 12 7
1 2 12 8
3 2 13 9
1 2 13 10
1 2 13 11
2 6 0 7 8 5 6 1
2 7 0 2 3 4 9 10 11
25 0
3 3 22 23 24
2 2 22 1
3 2 22 2
3 2 22 3
2 2 22 4
3 2 22 5
3 2 22 6
1 2 22 7
1 2 22 8
2 2 22 9
3 2 23 10
3 2 23 11
2 2 23 12
3 2 23 13
3 2 23 14
3 2 23 15
1 2 23 16
3 2 24 17
1 2 24 18
1 2 24 19
1 2 23 20
2 2 23 21
3 10 0 5 8 4 3 9 2 1 6 7
3 10 0 13 20 12 11 21 10 14 15 16
1 4 0 17 18 19
15 0
2 3 12 13 14
2 2 12 1
2 2 12 2
3 2 12 3
3 2 13 4
2 2 13 5
3 2 13 6
3 2 14 7
1 2 14 8
1 2 14 9
1 2 13 10
1 2 12 11
2 5 0 1 2 3 11
3 5 0 4 10 5 6
1 4 0 7 8 9
17 0
2 3 14 15 16
1 2 14 1
3 2 14 2
2 2 14 3
3 2 15 4
2 2 15 5
3 2 15 6
2 2 15 7
2 2 15 8
3 2 15 9
2 2 14 10
3 2 16 11
1 2 16 12
1 2 16 13
2 5 0 1 2 10 3
2 7 0 7 8 9 4 5 6
1 4 0 11 12 13
15 0
2 3 12 13 14
2 2 12 1
2 2 12 2
3 2 12 3
3 2 13 4
2 2 13 5
3 2 13 6
1 2 13 7
3 2 14 8
1 2 14 9
1 2 14 10
1 2 12 11
2 5 0 1 2 3 11
3 5 0 6 7 5 4
1 4 0 8 9 10
15 0
2 3 12 13 14
2 2 12 1
2 2 12 2
3 2 12 3
3 2 13 4
3 2 13 5
2 2 12 6
1 2 13 7
1 2 13 8
3 2 14 9
1 2 14 10
1 2 14 11
2 5 0 1 2 6 3
3 5 0 4 8 5 7
1 4 0 9 10 11
24 0
3 3 21 22 23
2 2 21 1
3 2 21 2
3 2 21 3
2 2 21 4
3 2 23 5
3 2 23 6
2 2 22 7
3 2 22 8
2 2 22 9
3 2 22 10
3 2 22 11
2 2 22 12
3 2 22 13
2 2 23 14
1 2 22 15
1 2 22 16
1 2 21 17
3 2 21 18
1 2 21 19
1 2 21 20
3 9 0 3 17 4 2 1 18 19 20
3 10 0 10 16 9 8 7 11 15 12 13
3 4 0 5 14 6
16 0
2 3 13 14 15
1 2 13 1
2 2 13 2
2 2 13 3
3 2 13 4
2 2 13 5
2 2 14 6
2 2 14 7
2 2 14 8
3 2 14 9
3 2 15 10
1 2 15 11
1 2 15 12
2 6 0 1 2 3 4 5
2 5 0 6 7 8 9
1 4 0 10 11 12
15 0
2 3 12 13 14
2 2 12 1
2 2 12 2
3 2 12 3
3 2 13 4
2 2 13 5
3 2 13 6
1 2 13 7
3 2 14 8
1 2 14 9
1 2 14 10
1 2 12 11
2 5 0 1 2 3 11
3 5 0 6 7 5 4
1 4 0 8 9 10
17 0
2 3 14 15 16
1 2 14 1
3 2 14 2
2 2 14 3
3 2 15 4
2 2 15 5
3 2 15 6
2 2 15 7
2 2 15 8
3 2 15 9
2 2 14 10
3 2 16 11
1 2 16 12
1 2 16 13
2 5 0 1 2 10 3
2 7 0 7 8 9 4 5 6
1 4 0 11 12 13
17 0
2 3 14 15 16
1 2 14 1
3 2 14 2
3 2 15 3
2 2 15 4
3 2 15 5
2 2 15 6
2 2 15 7
3 2 15 8
2 2 14 9
2 2 14 10
3 2 16 11
1 2 16 12
1 2 16 13
2 5 0 1 2 10 9
2 7 0 6 7 8 3 4 5
1 4 0 11 12 13
16 0
2 3 13 14 15
1 2 14 1
3 2 14 2
2 2 14 3
2 2 14 4
3 2 15 5
3 2 13 6
2 2 13 7
2 2 13 8
1 2 13 9
3 2 15 10
1 2 15 11
1 2 15 12
2 5 0 8 9 7 6
2 5 0 1 2 3 4
1 5 0 10 11 12 5
16 0
2 3 13 14 15
2 2 13 1
2 2 13 2
3 2 15 3
3 2 15 4
2 2 14 5
3 2 14 6
2 2 14 7
3 2 14 8
1 2 14 9
1 2 14 10
2 2 13 11
2 2 13 12
2 5 0 1 2 12 11
1 7 0 8 9 10 6 5 7
3 3 0 3 4
18 0
1 3 15 16 17
1 2 15 1
2 2 15 2
3 2 15 3
2 2 15 4
2 2 15 5
3 2 17 6
2 2 16 7
3 2 16 8
3 2 16 9
1 2 16 10
1 2 16 11
3 2 17 12
1 2 17 13
1 2 17 14
2 6 0 1 2 3 4 5
1 6 0 9 10 11 8 7
1 5 0 12 13 14 6
15 0
3 3 4 13 14
2 2 13 1
2 2 13 2
3 2 13 3
3 2 0 4
2 2 14 5
3 2 14 6
3 2 14 7
1 2 14 8
1 2 14 9
2 2 13 10
2 2 13 11
2 2 13 12
2 7 0 1 2 3 12 11 10
1 6 0 7 8 9 6 5
18 0
3 3 15 16 17
2 2 15 1
3 2 15 2
2 2 15 3
3 2 15 4
3 2 16 5
3 2 16 6
3 2 16 7
1 2 16 8
1 2 16 9
1 2 16 10
1 2 15 11
3 2 17 12
1 2 17 13
1 2 17 14
3 6 0 4 11 3 2 1
3 7 0 5 10 6 7 8 9
1 4 0 12 13 14
14 0
2 3 7 12 13
1 2 12 1
2 2 12 2
3 2 12 3
2 2 12 4
2 2 13 5
3 2 13 6
2 2 0 7
2 2 12 8
3 2 13 9
1 2 13 10
1 2 13 11
2 6 0 1 2 3 8 4
1 6 0 9 10 11 6 5
26 0
3 3 23 24 25
2 2 23 1
3 2 23 2
3 2 23 3
2 2 23 4
3 2 23 5
3 2 23 6
1 2 23 7
1 2 23 8
2 2 23 9
3 2 24 10
3 2 24 11
3 2 24 12
3 2 24 13
3 2 25 14
3 2 25 15
1 2 25 16
1 2 25 17
3 2 24 18
1 2 24 19
1 2 24 20
1 2 24 21
2 2 24 22
3 10 0 5 8 4 3 9 2 1 6 7
3 10 0 12 21 11 22 10 13 18 19 20
3 5 0 14 17 15 16
27 0
2 4 23 24 25 26
2 2 23 1
2 2 23 2
3 2 23 3
2 2 23 4
2 2 23 5
3 2 23 6
2 2 23 7
2 2 23 8
3 2 24 9
1 2 24 10
3 2 24 11
2 2 24 12
2 2 24 13
3 2 24 14
2 2 24 15
2 2 24 16
3 2 25 17
1 2 25 18
1 2 25 19
3 2 26 20
1 2 26 21
1 2 26 22
2 9 0 1 2 3 4 5 6 7 8
2 9 0 9 10 11 16 12 13 15 14
1 4 0 17 18 19
1 4 0 20 21 22
14 0
2 2 12 13
2 2 12 1
2 2 12 2
3 2 12 3
3 2 13 4
3 2 13 5
2 2 12 6
1 2 13 7
3 2 13 8
1 2 13 9
1 2 13 10
1 2 12 11
2 6 0 1 2 6 3 11
3 7 0 5 7 4 8 9 10
15 0
2 3 12 13 14
2 2 12 1
2 2 12 2
3 2 12 3
3 2 13 4
2 2 13 5
3 2 13 6
1 2 13 7
3 2 14 8
1 2 14 9
1 2 14 10
1 2 12 11
2 5 0 1 2 3 11
3 5 0 6 7 5 4
1 4 0 8 9 10
18 0
2 3 15 16 17
1 2 15 1
3 2 15 2
2 2 15 3
2 2 15 4
3 2 16 5
2 2 16 6
2 2 16 7
2 2 16 8
3 2 16 9
3 2 16 10
2 2 15 11
3 2 17 12
1 2 17 13
1 2 17 14
2 6 0 1 2 11 3 4
2 7 0 6 7 8 9 10 5
1 4 0 12 13 14
17 0
2 3 14 15 16
2 2 14 1
2 2 14 2
3 2 14 3
3 2 15 4
2 2 15 5
3 2 15 6
1 2 15 7
3 2 16 8
1 2 16 9
1 2 16 10
3 2 14 11
1 2 14 12
1 2 14 13
2 7 0 1 2 3 11 13 12
3 5 0 6 7 5 4
1 4 0 8 9 10
15 0
3 3 4 13 14
2 2 13 1
2 2 13 2
3 2 13 3
3 2 0 4
2 2 14 5
3 2 14 6
3 2 14 7
1 2 14 8
1 2 14 9
2 2 13 10
2 2 13 11
2 2 13 12
2 7 0 1 2 3 12 11 10
1 6 0 7 8 9 6 5
20 0
2 3 17 18 19
2 2 17 1
2 2 17 2
2 2 17 3
3 2 17 4
2 2 17 5
3 2 18 6
2 2 18 7
2 2 18 8
3 2 18 9
2 2 18 10
3 2 18 11
3 2 17 12
2 2 17 13
3 2 19 14
1 2 19 15
1 2 19 16
2 8 0 1 2 3 13 4 12 5
2 7 0 7 8 9 10 11 6
1 4 0 14 15 16
17 0
2 3 14 15 16
2 2 14 1
2 2 14 2
3 2 15 3
2 2 15 4
3 2 15 5
2 2 15 6
2 2 15 7
3 2 15 8
2 2 14 9
2 2 14 10
3 2 16 11
1 2 16 12
1 2 16 13
2 5 0 1 2 10 9
2 7 0 6 7 8 3 4 5
1 4 0 11 12 13
18 0
2 4 14 15 16 17
2 2 14 1
2 2 14 2
3 2 17 3
2 2 15 4
2 2 15 5
2 2 15 6
2 2 15 7
3 2 17 8
3 2 14 9
2 2 14 10
3 2 16 11
1 2 16 12
1 2 16 13
2 5 0 1 2 10 9
2 5 0 4 5 6 7
1 4 0 11 12 13
3 3 0 3 8
17 0
2 3 14 15 16
2 2 14 1
2 2 14 2
2 2 14 3
3 2 15 4
2 2 15 5
3 2 15 6
2 2 15 7
2 2 15 8
3 2 15 9
2 2 14 10
3 2 16 11
1 2 16 12
1 2 16 13
2 5 0 1 2 10 3
2 7 0 7 8 9 4 5 6
1 4 0 11 12 13
18 0
3 3 15 16 17
1 2 15 1
3 2 15 2
2 2 15 3
3 2 16 4
2 2 16 5
2 2 16 6
2 2 16 7
2 2 16 8
3 2 16 9
2 2 15 10
3 2 15 11
3 2 17 12
1 2 17 13
1 2 17 14
3 6 0 1 2 3 11 10
2 7 0 5 6 7 8 9 4
1 4 0 12 13 14
19 0
2 3 16 17 18
2 2 16 1
2 2 16 2
2 2 16 3
3 2 16 4
2 2 16 5
2 2 16 6
3 2 17 7
2 2 17 8
2 2 17 9
3 2 17 10
2 2 17 11
2 2 17 12
3 2 18 13
1 2 18 14
1 2 18 15
2 7 0 1 2 3 6 5 4
2 7 0 8 9 10 11 12 7
1 4 0 13 14 15
19 0
2 3 16 17 18
1 2 16 1
2 2 16 2
3 2 16 3
2 2 16 4
3 2 17 5
2 2 17 6
2 2 17 7
2 2 17 8
2 2 17 9
3 2 17 10
3 2 18 11
2 2 16 12
3 2 18 13
1 2 18 14
1 2 18 15
2 6 0 1 2 3 4 12
2 7 0 6 7 8 9 10 5
1 5 0 13 14 15 11
18 0
2 4 14 15 16 17
2 2 14 1
2 2 14 2
3 2 17 3
3 2 17 4
2 2 15 5
2 2 15 6
2 2 15 7
2 2 15 8
3 2 14 9
2 2 14 10
3 2 16 11
1 2 16 12
1 2 16 13
2 5 0 1 2 10 9
2 5 0 5 6 7 8
1 4 0 11 12 13
3 3 0 3 4
18 0
2 4 14 15 16 17
2 2 14 1
2 2 14 2
2 2 14 3
3 2 17 4
3 2 17 5
2 2 14 6
2 2 15 7
2 2 15 8
2 2 15 9
3 2 15 10
3 2 16 11
1 2 16 12
1 2 16 13
2 5 0 1 2 3 6
2 5 0 7 8 9 10
1 4 0 11 12 13
3 3 0 4 5
17 0
2 3 14 15 16
1 2 14 1
3 2 14 2
2 2 14 3
3 2 15 4
2 2 15 5
3 2 15 6
2 2 15 7
2 2 15 8
3 2 15 9
2 2 14 10
3 2 16 11
1 2 16 12
1 2 16 13
2 5 0 1 2 10 3
2 7 0 7 8 9 4 5 6
1 4 0 11 12 13
18 0
3 3 15 16 17
1 2 15 1
3 2 15 2
3 2 16 3
2 2 16 4
2 2 16 5
2 2 16 6
2 2 16 7
3 2 16 8
2 2 15 9
2 2 15 10
3 2 15 11
3 2 17 12
1 2 17 13
1 2 17 14
3 6 0 1 2 11 10 9
2 7 0 4 5 6 7 8 3
1 4 0 12 13 14
15 0
2 3 12 13 14
2 2 12 1
2 2 12 2
3 2 12 3
3 2 13 4
2 2 13 5
3 2 13 6
1 2 13 7
3 2 14 8
1 2 14 9
1 2 14 10
1 2 12 11
2 5 0 1 2 3 11
3 5 0 6 7 5 4
1 4 0 8 9 10
15 0
2 3 12 13 14
2 2 12 1
2 2 12 2
3 2 12 3
3 2 13 4
2 2 13 5
3 2 13 6
3 2 14 7
1 2 14 8
1 2 14 9
1 2 13 10
1 2 12 11
2 5 0 1 2 3 11
3 5 0 4 10 5 6
1 4 0 7 8 9
20 0
1 3 17 18 19
2 2 17 1
2 2 17 2
2 2 17 3
3 2 17 4
3 2 17 5
2 2 17 6
2 2 19 7
3 2 19 8
2 2 18 9
3 2 18 10
3 2 18 11
1 2 18 12
1 2 18 13
3 2 19 14
1 2 19 15
1 2 19 16
2 7 0 1 2 3 6 4 5
1 6 0 11 12 13 10 9
1 6 0 14 15 16 8 7
20 0
2 3 17 18 19
2 2 17 1
2 2 17 2
3 2 17 3
2 2 17 4
3 2 17 5
2 2 17 6
3 2 18 7
1 2 18 8
1 2 18 9
3 2 19 10
2 2 19 11
2 2 19 12
3 2 19 13
2 2 19 14
2 2 19 15
1 2 19 16
2 7 0 1 2 6 3 4 5
1 4 0 7 8 9
2 8 0 11 12 10 15 14 13 16
18 0
2 3 15 16 17
2 2 15 1
2 2 15 2
3 2 15 3
3 2 15 4
2 2 15 5
3 2 15 6
3 2 16 7
1 2 16 8
1 2 16 9
3 2 17 10
1 2 17 11
3 2 17 12
1 2 17 13
2 2 15 14
2 8 0 1 2 3 14 4 5 6
1 4 0 7 8 9
3 5 0 10 11 12 13
20 0
2 3 17 18 19
2 2 17 1
2 2 17 2
2 2 17 3
3 2 17 4
3 2 17 5
2 2 17 6
3 2 18 7
2 2 18 8
2 2 18 9
2 2 18 10
3 2 18 11
2 2 18 12
1 2 18 13
3 2 19 14
1 2 19 15
1 2 19 16
2 7 0 1 2 3 6 4 5
2 8 0 8 9 10 11 13 12 7
1 4 0 14 15 16
14 0
2 3 11 12 13
2 2 11 1
2 2 11 2
2 2 11 3
3 2 12 4
3 2 12 5
2 2 11 6
3 2 13 7
1 2 13 8
1 2 13 9
1 2 12 10
2 5 0 1 2 3 6
3 4 0 4 10 5
1 4 0 7 8 9
20 0
2 3 17 18 19
2 2 17 1
2 2 17 2
2 2 17 3
3 2 17 4
3 2 17 5
2 2 17 6
3 2 18 7
2 2 18 8
2 2 18 9
2 2 18 10
3 2 18 11
2 2 18 12
3 2 19 13
1 2 19 14
1 2 19 15
1 2 17 16
2 8 0 1 2 3 6 4 5 16
2 7 0 8 9 10 11 12 7
1 4 0 13 14 15
20 0
2 3 17 18 19
1 2 17 1
3 2 17 2
2 2 17 3
2 2 17 4
2 2 17 5
2 2 17 6
3 2 17 7
3 2 18 8
2 2 18 9
2 2 18 10
3 2 18 11
2 2 18 12
2 2 18 13
3 2 19 14
1 2 19 15
1 2 19 16
2 8 0 1 2 3 4 5 6 7
2 7 0 9 10 8 13 12 11
1 4 0 14 15 16
20 0
2 3 17 18 19
1 2 17 1
3 2 17 2
2 2 17 3
3 2 17 4
2 2 17 5
2 2 17 6
3 2 17 7
3 2 18 8
1 2 18 9
1 2 18 10
3 2 19 11
2 2 19 12
2 2 19 13
2 2 19 14
2 2 19 15
2 2 19 16
2 8 0 1 2 3 4 5 6 7
1 4 0 8 9 10
2 7 0 12 13 14 15 16 11
14 0
2 3 7 12 13
1 2 12 1
2 2 12 2
3 2 12 3
2 2 12 4
2 2 13 5
3 2 13 6
2 2 0 7
2 2 12 8
3 2 13 9
1 2 13 10
1 2 13 11
2 6 0 1 2 3 8 4
1 6 0 9 10 11 6 5
16 0
1 3 13 14 15
1 2 13 1
3 2 13 2
1 2 13 3
3 2 13 4
2 2 14 5
2 2 14 6
3 2 14 7
2 2 14 8
2 2 13 9
3 2 15 10
1 2 15 11
1 2 15 12
1 6 0 1 2 3 4 9
2 5 0 5 6 7 8
1 4 0 10 11 12
18 0
2 4 14 15 16 17
1 2 14 1
3 2 14 2
3 2 17 3
3 2 17 4
2 2 15 5
2 2 15 6
2 2 15 7
3 2 15 8
3 2 16 9
1 2 16 10
1 2 16 11
2 2 14 12
2 2 14 13
2 5 0 1 2 13 12
2 5 0 5 6 7 8
1 4 0 9 10 11
3 3 0 3 4
18 0
2 4 14 15 16 17
2 2 14 1
2 2 14 2
3 2 17 3
2 2 15 4
2 2 15 5
2 2 15 6
2 2 15 7
3 2 17 8
3 2 14 9
2 2 14 10
3 2 16 11
1 2 16 12
1 2 16 13
2 5 0 1 2 10 9
2 5 0 4 5 6 7
1 4 0 11 12 13
3 3 0 3 8
16 0
2 3 13 14 15
2 2 13 1
2 2 13 2
3 2 14 3
2 2 14 4
2 2 14 5
2 2 14 6
3 2 14 7
2 2 13 8
3 2 13 9
3 2 15 10
1 2 15 11
1 2 15 12
2 5 0 1 2 9 8
2 6 0 4 5 6 3 7
1 4 0 10 11 12
